


AFTER REFACTOR ~
eval_pos: 780
in_range: 5500000


AFTER REFACTOR
Simulation 0 ended
Vulnerable:  1
Infected:  0
Recovered:  789


Mean degree 43.8379746835443
Edges 17316.0
MST length on street (m): 20138.87
Vehicle density (cars/km): 39.23
Average metrics with rmin = 170
#sent messages:  718.0
#received messages:  32210.0
time of last car infection:  1.3264
Cars infected ratio: 99.87%
Network traffic (bytes):  160626.0






len(messages) AFTER REFACTOR

SUM ---> 15731

0 1
1 1
2 2
3 2
4 1
5 2
6 2
7 2
8 2
9 2
10 2
11 2
12 2
13 2
14 2
15 2
16 2
17 2
18 2
19 2
20 2
21 2
22 2
23 2
24 2
25 2
26 2
27 2
28 1
29 1
30 3
31 3
32 3
33 2
34 4
35 3
36 4
37 4
38 6
39 5
40 6
41 6
42 1
43 1
44 1
45 1
46 3
47 3
48 3
49 3
50 1
51 3
52 4
53 4
54 6
55 5
56 6
57 5
58 5
59 1
60 1
61 2
62 3
63 3
64 1
65 4
66 1
67 1
68 1
69 7
70 7
71 1
72 2
73 3
74 2
75 4
76 1
77 5
78 6
79 4
80 8
81 7
82 8
83 7
84 2
85 9
86 9
87 3
88 2
89 3
90 13
91 5
92 5
93 4
94 11
95 6
96 2
97 1
98 6
99 7
100 6
101 5
102 8
103 1
104 1
105 5
106 9
107 12
108 9
109 3
110 1
111 2
112 5
113 11
114 8
115 6
116 11
117 4
118 4
119 11
120 2
121 1
122 8
123 13
124 11
125 12
126 11
127 9
128 13
129 1
130 1
131 14
132 13
133 14
134 14
135 13
136 11
137 17
138 7
139 17
140 13
141 15
142 12
143 16
144 18
145 16
146 14
147 16
148 18
149 1
150 18
151 18
152 19
153 16
154 18
155 20
156 17
157 16
158 20
159 19
160 15
161 20
162 19
163 18
164 19
165 19
166 18
167 18
168 21
169 21
170 14
171 22
172 22
173 2
174 13
175 2
176 23
177 24
178 1
179 1
180 6
181 24
182 3
183 5
184 7
185 25
186 8
187 6
188 24
189 27
190 25
191 9
192 12
193 21
194 10
195 24
196 25
197 16
198 12
199 29
200 11
201 23
202 16
203 16
204 15
205 12
206 23
207 5
208 25
209 2
210 21
211 27
212 4
213 14
214 4
215 25
216 26
217 5
218 22
219 6
220 14
221 14
222 6
223 17
224 18
225 5
226 19
227 12
228 27
229 23
230 24
231 20
232 20
233 21
234 4
235 26
236 27
237 22
238 9
239 24
240 7
241 23
242 25
243 35
244 3
245 25
246 26
247 27
248 7
249 11
250 4
251 29
252 28
253 28
254 25
255 1
256 32
257 32
258 25
259 30
260 33
261 25
262 12
263 2
264 35
265 34
266 40
267 38
268 51
269 38
270 7
271 2
272 23
273 1
274 1
275 22
276 12
277 56
278 24
279 29
280 4
281 10
282 53
283 3
284 13
285 3
286 4
287 3
288 1
289 4
290 29
291 25
292 31
293 1
294 25
295 24
296 22
297 1
298 14
299 3
300 4
301 15
302 3
303 7
304 14
305 7
306 41
307 26
308 3
309 5
310 29
311 2
312 6
313 37
314 36
315 2
316 25
317 38
318 4
319 11
320 28
321 38
322 12
323 45
324 29
325 36
326 37
327 5
328 29
329 41
330 1
331 34
332 11
333 32
334 6
335 6
336 7
337 4
338 4
339 6
340 13
341 42
342 13
343 43
344 31
345 8
346 7
347 35
348 5
349 29
350 3
351 47
352 63
353 42
354 18
355 66
356 8
357 3
358 4
359 57
360 5
361 45
362 7
363 13
364 11
365 38
366 26
367 15
368 66
369 38
370 63
371 6
372 45
373 34
374 11
375 12
376 6
377 53
378 14
379 25
380 55
381 7
382 15
383 7
384 9
385 37
386 15
387 9
388 70
389 18
390 60
391 18
392 38
393 35
394 68
395 71
396 37
397 71
398 71
399 9
400 20
401 60
402 67
403 5
404 1
405 14
406 32
407 4
408 40
409 33
410 22
411 76
412 37
413 65
414 14
415 11
416 80
417 82
418 64
419 11
420 28
421 77
422 28
423 74
424 39
425 86
426 57
427 17
428 78
429 16
430 16
431 11
432 25
433 86
434 19
435 19
436 40
437 4
438 51
439 11
440 18
441 95
442 22
443 39
444 103
445 11
446 41
447 8
448 23
449 11
450 18
451 13
452 13
453 17
454 11
455 19
456 24
457 20
458 10
459 25
460 68
461 21
462 19
463 24
464 10
465 19
466 17
467 43
468 2
469 31
470 21
471 36
472 48
473 20
474 3
475 12
476 23
477 21
478 21
479 18
480 19
481 3
482 25
483 22
484 15
485 15
486 20
487 21
488 11
489 11
490 50
491 3
492 15
493 4
494 12
495 23
496 36
497 36
498 22
499 22
500 23
501 18
502 5
503 18
504 12
505 24
506 26
507 39
508 27
509 18
510 27
511 24
512 43
513 4
514 42
515 5
516 2
517 37
518 26
519 11
520 5
521 16
522 5
523 11
524 29
525 21
526 40
527 28
528 23
529 46
530 28
531 30
532 2
533 30
534 21
535 41
536 13
537 33
538 38
539 8
540 6
541 17
542 33
543 8
544 22
545 47
546 34
547 13
548 17
549 34
550 18
551 20
552 52
553 17
554 59
555 35
556 40
557 14
558 24
559 13
560 39
561 23
562 6
563 12
564 39
565 38
566 39
567 24
568 48
569 51
570 42
571 22
572 14
573 14
574 52
575 34
576 45
577 46
578 14
579 6
580 18
581 43
582 1
583 28
584 17
585 58
586 34
587 2
588 17
589 61
590 25
591 61
592 66
593 53
594 19
595 21
596 21
597 25
598 20
599 26
600 71
601 71
602 22
603 75
604 1
605 1
606 3
607 29
608 28
609 3
610 31
611 87
612 27
613 27
614 28
615 27
616 28
617 26
618 27
619 18
620 30
621 6
622 30
623 33
624 35
625 4
626 18
627 9
628 16
629 37
630 19
631 34
632 30
633 2
634 20
635 30
636 11
637 16
638 11
639 40
640 8
641 11
642 25
643 32
644 8
645 18
646 29
647 15
648 15
649 10
650 20
651 33
652 35
653 35
654 3
655 2
656 31
657 2
658 21
659 28
660 4
661 7
662 12
663 36
664 38
665 5
666 37
667 1
668 1
669 27
670 3
671 2
672 26
673 26
674 6
675 29
676 28
677 30
678 2
679 3
680 7
681 1
682 39
683 2
684 7
685 40
686 2
687 41
688 30
689 2
690 8
691 4
692 15
693 16
694 18
695 45
696 17
697 12
698 12
699 17
700 8
701 18
702 43
703 41
704 19
705 19
706 20
707 46
708 44
709 20
710 22
711 22
712 8
713 22
714 36
715 30
716 21
717 4
718 49
719 10
720 26
721 17
722 26
723 26
724 21
725 35
726 11
727 21
728 4
729 14
730 3
731 16
732 13
733 13
734 49
735 46
736 5
737 3
738 50
739 27
740 29
741 4
742 37
743 49
744 53
745 19
746 19
747 18
748 22
749 52
750 52
751 51
752 33
753 40
754 31
755 23
756 56
757 4
758 14
759 27
760 2
761 30
762 7
763 32
764 15
765 43
766 27
767 33
768 6
769 27
770 17
771 35
772 30
773 13
774 2
775 32
776 35
777 33
778 2
779 47
780 14
781 3
782 15
783 15
784 18
785 1
786 3
787 1
788 1






