
BEFORE REFACTOR ~
in_range: 1000000
eval_pos: ~700




BEFORE REFACTOR
Simulation 0 ended
Vulnerable:  11
Infected:  0
Recovered:  779


Mean degree 43.8379746835443
Edges 17316.0
MST length on street (m): 20138.87
Vehicle density (cars/km): 39.23
Average metrics with rmin = 170
#sent messages:  232.0
#received messages:  10340.0
time of last car infection:  1.0509
#hops to reach last infected car:  9.0
Cars infected ratio: 98.61%
Network traffic (bytes):  73046.0






len(messages) BEFORE REFACTOR

SUM ----> 7278

0 1
1 1
2 2
3 2
4 1
5 2
6 2
7 2
8 2
9 2
10 2
11 2
12 2
13 2
14 2
15 2
16 2
17 2
18 2
19 2
20 2
21 2
22 2
23 2
24 2
25 2
26 2
27 2
28 1
29 1
30 3
31 3
32 3
33 2
34 4
35 3
36 4
37 5
38 6
39 6
40 8
41 8
42 1
43 1
44 1
45 2
46 3
47 3
48 3
49 3
50 1
51 3
52 4
53 4
54 6
55 5
56 6
57 5
58 5
59 1
60 1
61 2
62 4
63 1
64 1
65 2
66 5
67 4
68 1
69 1
70 7
71 8
72 2
73 2
74 2
75 3
76 4
77 5
78 4
79 6
80 8
81 7
82 2
83 7
84 9
85 11
86 3
87 2
88 2
89 12
90 2
91 4
92 4
93 10
94 1
95 7
96 6
97 4
98 5
99 1
100 1
101 5
102 4
103 4
104 11
105 1
106 2
107 4
108 1
109 6
110 4
111 8
112 2
113 2
114 4
115 5
116 6
117 10
118 3
119 7
120 4
121 10
122 12
123 1
124 10
125 10
126 13
127 12
128 3
129 1
130 15
131 13
132 15
133 13
134 8
135 4
136 11
137 14
138 4
139 16
140 10
141 18
142 15
143 15
144 3
145 4
146 17
147 17
148 18
149 15
150 8
151 11
152 19
153 8
154 19
155 20
156 3
157 3
158 4
159 18
160 3
161 8
162 9
163 14
164 4
165 20
166 13
167 1
168 2
169 9
170 2
171 3
172 21
173 21
174 22
175 19
176 3
177 6
178 5
179 4
180 25
181 6
182 4
183 25
184 27
185 6
186 5
187 8
188 9
189 7
190 7
191 16
192 9
193 22
194 7
195 9
196 6
197 26
198 15
199 9
200 5
201 5
202 6
203 2
204 4
205 5
206 9
207 5
208 21
209 26
210 4
211 5
212 9
213 1
214 7
215 7
216 21
217 14
218 9
219 9
220 17
221 21
222 24
223 7
224 17
225 4
226 17
227 25
228 24
229 25
230 16
231 16
232 17
233 6
234 26
235 24
236 15
237 11
238 2
239 17
240 5
241 16
242 24
243 8
244 15
245 15
246 16
247 24
248 15
249 13
250 15
251 2
252 3
253 19
254 15
255 15
256 19
257 14
258 2
259 8
260 5
261 13
262 15
263 14
264 2
265 6
266 9
267 17
268 16
269 16
270 24
271 5
272 7
273 2
274 1
275 2
276 21
277 23
278 8
279 6
280 10
281 25
282 4
283 5
284 24
285 1
286 22
287 4
288 3
289 1
290 4
291 20
292 9
293 3
294 22
295 20
296 23
297 1
298 8
299 1
300 6
301 2
302 4
303 15
304 26
305 4
306 24
307 2
308 3
309 7
310 24
311 8
312 3
313 2
314 8
315 7
316 15
317 9
318 21
319 21
320 4
321 5
322 9
323 22
324 23
325 21
326 8
327 10
328 7
329 23
330 22
331 4
332 3
333 6
334 7
335 2
336 7
337 22
338 7
339 8
340 2
341 2
342 4
343 2
344 9
345 20
346 9
347 3
348 6
349 5
350 10
351 3
352 11
353 7
354 22
355 14
356 7
357 8
358 27
359 7
360 6
361 10
362 25
363 4
364 2
365 12
366 16
367 24
368 12
369 21
370 25
371 23
372 22
373 9
374 23
375 21
376 12
377 2
378 10
379 5
380 20
381 3
382 22
383 13
384 16
385 23
386 28
387 7
388 20
389 21
390 29
391 5
392 11
393 4
394 11
395 28
396 22
397 23
398 20
399 23
400 23
401 24
402 28
403 1
404 25
405 7
406 26
407 7
408 5
409 14
410 6
411 23
412 5
413 12
414 12
415 21
416 12
417 8
418 23
419 26
420 13
421 23
422 23
423 20
424 4
425 25
426 7
427 14
428 22
429 6
430 12
431 4
432 6
433 3
434 16
435 13
436 25
437 13
438 14
439 12
440 15
441 12
442 6
443 25
444 11
445 28
446 3
447 11
448 4
449 4
450 12
451 4
452 5
453 11
454 14
455 12
456 13
457 2
458 1
459 14
460 11
461 13
462 11
463 21
464 14
465 14
466 13
467 26
468 3
469 13
470 13
471 6
472 15
473 7
474 16
475 5
476 13
477 8
478 21
479 9
480 9
481 6
482 6
483 13
484 1
485 6
486 15
487 4
488 11
489 8
490 31
491 4
492 6
493 14
494 7
495 5
496 5
497 22
498 5
499 7
500 2
501 5
502 6
503 14
504 7
505 2
506 5
507 7
508 15
509 29
510 29
511 4
512 6
513 6
514 2
515 8
516 32
517 22
518 8
519 7
520 31
521 29
522 5
523 2
524 4
525 5
526 6
527 6
528 6
529 2
530 22
531 17
532 4
533 5
534 6
535 12
536 6
537 6
538 7
539 27
540 4
541 9
542 32
543 39
544 22
545 10
546 10
547 2
548 4
549 9
550 6
551 5
552 7
553 7
554 5
555 6
556 7
557 5
558 6
559 28
560 8
561 5
562 8
563 3
564 8
565 8
566 28
567 8
568 25
569 1
570 10
571 18
572 6
573 8
574 2
575 1
576 9
577 13
578 5
579 9
580 11
581 8
582 10
583 10
584 9
585 7
586 9
587 5
588 7
589 13
590 10
591 10
592 7
593 19
594 10
595 10
596 1
597 11
598 11
599 3
600 9
601 5
602 14
603 6
604 13
605 11
606 7
607 25
608 23
609 7
610 6
611 3
612 7
613 14
614 5
615 5
616 15
617 16
618 1
619 7
620 10
621 16
622 1
623 14
624 7
625 8
626 8
627 17
628 5
629 1
630 9
631 9
632 25
633 4
634 5
635 4
636 2
637 2
638 2
639 12
640 2
641 4
642 8
643 5
644 5
645 2
646 1
647 2
648 11
649 9
650 9
651 2
652 11
653 10
654 10
655 4
656 2
657 2
658 2
659 5
660 5
661 1
662 5
663 5
664 2
665 7
666 4
667 5
668 5
669 3
670 9
671 3
672 10
673 11
674 1
675 3
676 2
677 9
678 2
679 12
680 13
681 8
682 8
683 13
684 2
685 1
686 8
687 15
688 13
689 8
690 1
691 16
692 16
693 9
694 7
695 6
696 7
697 1
698 1
699 24
700 2
701 21
702 13
703 8
704 19
705 19
706 19
707 21
708 11
709 3
710 20
711 2
712 22
713 2
714 10
715 13
716 8
717 3
718 3
719 4
720 2
721 2
722 9
723 4
724 3
725 11
726 11
727 11
728 11
729 10
730 6
731 1
732 11
733 19
734 9
735 20
736 5
737 3
738 1
739 2
740 1
741 20
742 1
743 2
744 19
745 1
746 1
747 6
748 2
749 2
750 3
751 1
752 2
753 6
754 22
755 3
756 6
757 4
758 5
759 2
760 6
761 19
762 5
763 3
764 4
765 6
766 2
767 7
768 2
769 4
770 4
771 4
772 5
773 1
774 1
775 1
776 1
777 2
778 1
