27100 1 6963.9307148737 4361.0158440515 10.963782299209
27100 2 7306.2138804573 4170.0763966782 0.64977075279047
27100 3 7281.3635965167 4088.7782559765 11.351899474092
27100 4 7710.9949400277 5361.3946045766 7.46977184115
27100 5 6981.1667509582 4701.5395405333 0.98739140234846
27100 6 6995.9031996519 4725.6416406459 0.59450969441164
27100 7 6996.1829343079 3639.9201651867 7.2140627763841
27100 8 6985.0635419652 4707.2439703773 5.4944269694837
27100 9 7004.9747023149 4257.036957943 11.981665697936
27100 10 6547.0367772445 4263.5026135396 1.4837632042463e-12
27100 11 7226.7620845621 5238.9060190469 3.2098204623536e-05
27100 12 6962.6614022326 4389.5087465146 8.8096712673787
27100 13 7813.3601392023 3727.9881742627 14.891930975169
27100 14 7229.4625098449 5244.2645038467 5.1129444875761e-06
27100 15 6993.2306314013 4719.0639075398 0.95008444699872
27100 16 7237.7641490379 5268.0802795113 2.6238952002123e-09
27100 17 7700.0125650704 5368.4419909013 6.2247707117279
27100 18 7240.6895565433 5273.886049026 6.5345076119494e-11
27100 19 7950.9654895944 5035.2119463258 13.944687599869
27100 20 7237.3387480693 5259.8934135134 4.8672501341692e-09
27100 21 6962.8432964454 4376.46086832 10.099175576571
27100 22 7854.5483405593 5067.7157776518 10.058923872136
27100 23 6965.0215957012 4345.91092487 11.923030209338
27100 24 7241.1787339077 5260.1975657535 2.2087678984206e-06
27100 25 7837.4266367993 5071.7664154924 7.78239338011
27100 26 7302.472958932 3605.6560217427 6.3314631332541
27100 27 7469.1789230001 3962.2366296028 16.351278156291
27100 28 7234.6383372666 5254.5349574465 6.6650471002537e-08
27100 29 7421.3372602906 5424.9912924614 2.6686748028666e-07
27100 30 7232.1383304977 5256.9152689221 5.3218656455776e-07
27100 31 7332.1929812602 4805.6676916419 14.930265492689
27100 32 7443.115776235 5401.0657053309 0.87913581681415
27100 33 6112.9979883813 4770.78685553 10.300851420799
27100 34 7493.0501476019 5084.171778126 13.030681743521
27100 35 6172.8675422278 3786.7298818812 7.1020266632179
27100 36 6954.4058578232 4584.4155514511 0.48022549263702
27100 37 6962.7008787757 4400.2603475913 5.7866024740119
27100 38 7305.2479929226 3609.4906783087 2.9062756934394
27100 39 6983.2303796987 3866.553842975 0.00082588235855975
27100 40 7081.7458639466 4141.2922480159 3.0144135259376e-10
27100 41 7301.2626626061 3591.3023964351 2.5160749670829
27100 42 7305.1140800391 3587.7803395188 0.088073813837247
27100 43 6998.6889467256 4723.7266485096 5.870800594948
27100 44 6978.1086769939 3616.1400589338 13.137062977987
27100 45 7462.6539734203 4985.3889988114 13.797978331673
27100 46 7011.3885190357 3886.9064684698 0.0021238164632082
27100 47 6713.5144880503 4343.2398672103 15.64230421708
27100 48 7299.6989699126 3647.0408745866 12.19328500683
27100 49 7019.9039786442 4380.7730484071 2.6834071005729e-08
27100 50 7475.3005069635 5222.1949010332 12.237522786879
27100 51 7231.5019779875 5240.9930568369 0.00099291121973899
27100 52 7237.8033234202 5253.4987194315 2.0622202562346e-05
27100 53 7231.9379261971 5249.1765008501 6.2799915073558e-07
27100 54 7239.8141621126 5264.8054059352 2.4039759470821e-10
27100 55 7000.2780428155 4254.9232574396 6.0205064827014e-14
27100 56 7307.7216216207 3592.7516518238 0.11067625877632
27100 57 7798.3513783171 4460.9810388614 14.530627305019
27100 58 7876.7413822643 5056.1413885564 10.21209213273
27100 59 6105.1089735721 4771.9607245302 13.526277198911
27100 60 7022.2190856537 3926.6376454122 3.1839284277109
27100 61 6991.513818961 3879.0008750059 2.3225518620762
27100 62 7243.6395565433 5272.3961798928 6.9517022660617e-12
27100 63 6997.3586840863 4738.0006611636 0.15628368817669
27100 64 6413.8005628882 3687.7523666736 12.206098332677
27100 65 6506.9948390571 5174.7686877471 13.239056759783
27100 66 7922.4023829918 5040.9015696772 11.869812581691
27100 67 7246.5795565403 5270.91604902 6.5038406340792e-09
27100 68 7701.6744380759 5358.1243542011 5.6966008757684
27100 69 7234.8387415126 5262.2745099572 4.5794486829586e-08
27100 70 7017.9209234985 3908.3652450961 0.78889160197238
27100 71 7293.3407345045 3644.9163632092 15.495231212089
27100 72 6492.9285916458 5072.3889315999 11.015902578371
27100 73 7899.3747374786 3705.0955237316 1.7255347380688e-08
27100 74 7795.2313430307 4465.1609704645 13.579556116155
27100 75 6383.0830026793 4119.9263792473 0.048716304307342
27100 76 7428.697750853 5426.4370634902 9.334787935177e-09
27100 77 7496.4997886025 4208.9868477075 12.179212128153
27100 78 7831.8155143175 5080.7320203436 7.9544790880077
27100 79 7441.1821166494 5414.9392681923 0.21068643098779
27100 80 6508.3374634558 5165.7896378516 13.101257003116
27100 81 7892.2738862755 3703.355374207 0.41862022571313
27100 82 7462.0768508198 5255.9007126788 0.00092117903048156
27100 83 7032.5798731289 4558.8109466049 10.891749293747
27100 84 7250.8324603423 3831.5168072202 13.944194889512
27100 85 6999.0775510394 4733.4543639345 1.6531331407187
27100 86 6970.6152632034 4609.7430734025 1.63127467143e-06
27100 87 7482.3203289884 5221.0735564074 0.5618233840468
27100 88 7268.8560777134 4148.2263631667 6.7932577857473
27100 89 7284.4545807279 5136.1955628646 13.177287341996
27100 90 7220.4359688561 5233.690738889 0.0013212714783751
27100 91 6571.6737143832 4958.9656595989 11.31053667311
27100 92 7272.4454867063 4061.8566030152 14.589924179782
27100 93 7279.2633990904 5134.1599214839 13.740079485002
27100 94 7477.5558265398 5246.4426799286 0.0020452324092402
27100 95 7223.3619897901 5239.4977258152 0.00022597050816106
27100 96 6936.4410994151 4376.3868216903 10.429258923824
27100 97 7154.4735280273 4203.5226744656 13.986090955546
27100 98 7027.0642762019 4535.1637557758 7.3365144110472
27100 99 6969.977243592 4596.2551975589 3.2396193517628e-14
27100 100 7148.9426676781 4119.0381236488 9.9060989539876
27100 101 7862.820417044 5061.0453239051 9.472236238019
27100 102 7898.5394328789 3701.9074078173 0.09457258129569
27100 103 6993.0635254173 4727.4310655659 0.23527184436414
27100 104 27100 104 27100
27100 105 7019.839845512 3916.5229901834 1.9822790982781
27100 106 6995.2268218776 4732.7545403208 0.24506269975412
27100 107 6967.5942000108 4356.158851592 10.228467618672
27100 108 6969.6700472537 4589.7609989538 3.2510936346291e-14
27100 109 7842.6002694733 3721.6081496576 12.532644488218
27100 110 7059.4604296821 3866.9955193028 13.748246382907
27100 111 6966.3594771545 4373.3016372512 9.5849602631147
27100 112 6541.3358200643 4260.395766922 3.1662408834719e-14
27100 113 6544.2759957199 4254.4869865781 3.2786389927369e-14
27100 114 6204.677646636 4662.9454655973 15.360303863589
27100 115 6990.5261299955 4721.1870020639 0
27100 116 6565.9794964767 4967.0127116786 14.220471018527
27100 117 6963.190503548 4409.2180989646 4.5751568020261
27100 118 7030.344850625 4534.6754861548 12.720852722209
27100 119 7440.3239010383 5421.0967678465 0.054470192647092
27100 120 6943.1549920607 4390.670858633 0.26358543969828
27100 121 6401.5953733814 4693.4130308347 13.656600351803
27100 122 6971.0051153409 4387.9725547707 0.0044169785786844
27100 123 6597.2654441824 4305.37 19.573317505554
27100 124 7096.489632994 4224.1930691279 0.0015632029669107
27100 125 7357.1316484693 4870.6676814922 13.316603290506
27100 126 6968.9505178272 4337.3278519917 10.453729775365
27100 127 6965.980239723 4387.7701272518 9.1260669022225
27100 128 6581.3474271892 4955.7053501314 13.511498851807
27100 129 27100 129 27100
27100 130 7248.252341173 4712.9801112702 13.792257916806
27100 131 6964.3526590423 4309.3375905337 12.518922374342
27100 132 7229.2129210103 5251.109495474 4.2059228273558e-06
27100 133 7036.9481650988 4000.7845620952 17.854610259179
27100 134 7243.8791456892 5265.5568083099 1.6890223551703e-07
27100 135 7477.8434667632 5240.5489619681 0.017668361194493
27100 136 6989.2631422808 4258.0051020424 6.1028099449881e-14
27100 137 7228.7992390907 5235.6291958829 0.0051256063021653
27100 138 7296.8702266793 3666.1829584165 12.139195952292
27100 139 7025.0728532216 3938.7696175268 4.2072138371294
27100 140 7082.7733994611 4652.963382065 13.402302372907
27100 141 7223.8365981203 5233.1009428127 0.00017029303980371
27100 142 7449.6665482303 5252.8491475919 0.2535255752373
27100 143 6971.4147721169 4664.3716124859 16.05353588918
27100 144 6402.4707414066 4689.4124620542 12.520356659662
27100 145 7472.8042708756 4926.1573447568 11.215888120934
27100 146 7226.2874991424 5245.3036974555 3.1339252551007e-05
27100 147 6953.061750974 4465.7610829537 13.959361357121
27100 148 7068.2885497225 4295.4690559581 11.654748846822
27100 149 7117.4342843805 4126.4990868763 12.647406026341
27100 150 7303.3367763711 5395.2975513357 4.9710893368234e-10
27100 151 7297.1086546163 3641.9628003471 9.9189294183562
27100 152 7002.6490780699 4768.5438490108 12.74253013781
27100 153 6971.614653294 4563.3390569673 10.144353120539
27100 154 7579.9156152767 4833.7515527528 10.308772406888
27100 155 7124.861231605 4213.5760035614 11.339339608163
27100 156 7607.530835698 4507.783630042 12.613603384781
27100 157 6406.7040906362 4683.9267817296 11.459953215935
27100 158 7457.7933129742 4013.1631193681 5.8903788830203
27100 159 7302.6302144872 3582.0470888671 1.8543444914745
27100 160 6970.2920776595 4271.5708906101 0.0013576776616203
27100 161 6271.6995749818 4181.8287825783 14.210621576917
27100 162 7224.893671194 5227.8781981192 1.8327770954843
27100 163 6305.3809319677 4188.2236127454 13.815901931216
27100 164 6977.1608495901 4263.5294831986 6.0842795499966e-14
27100 165 7028.1015502515 4561.2914051052 14.724648135291
27100 166 7605.8239396354 4836.7603016373 8.5587617793347
27100 167 7197.6020505322 4192.4905990242 9.5119295736841e-05
27100 168 6832.782436159 4559.303901129 9.3365108890523
27100 169 6289.6704528216 4187.1761261734 13.77784669028
27100 170 7004.6989815652 4764.8153334316 11.595276820567
27100 171 6580.8795263611 4642.1788678807 0.00035796676469962
27100 172 7318.2191551815 4772.8166447402 16.648729273738
27100 173 7027.4020642854 4551.9615932954 5.2144938152584
27100 174 6566.4149563271 4638.1011466933 2.8506231536851e-05
27100 175 7299.6584647357 3624.7051307523 8.7526410900004
27100 176 7086.4049630826 3861.0177652868 16.608227531092
27100 177 7768.293223669 4468.3956757419 14.196922441385
27100 178 7456.2287506687 5254.4627253197 0.019810473443891
27100 179 7475.110126025 4980.5689705942 0.13673257437699
27100 180 6828.4711957924 4513.2797526366 11.469235328099
27100 181 6572.3269816656 4637.0276114996 0.0074453246251271
27100 182 6802.5871474959 3984.8191904336 12.789631211422
27100 183 7101.1731003033 4690.3257837583 8.6920068705429
27100 184 6214.4917990011 3900.8261379459 11.584181390831
27100 185 6975.9087740176 4671.2926012768 12.329123046512
27100 186 7480.861712332 5227.5294887762 0.23251278229047
27100 187 7199.2938566457 4198.2525002299 0.0036718547851294
27100 188 6766.4372940892 4009.0300903132 12.813751101962
27100 189 7108.6234618811 4233.7538094732 1.9707751065259e-05
27100 190 6636.4018214546 3966.5019500897 11.777477329434
27100 191 7006.9825566951 4253.0474102771 5.919876144505e-14
27100 192 6512.3970084001 5192.6547458698 14.574962736154
27100 193 6977.385061064 4660.041587758 15.489307750676
27100 194 6542.8061047115 4257.4459683913 3.2247297281985e-14
27100 195 7221.3607916251 5228.1881716443 0.00086684587632957
27100 196 7083.5374638669 4147.5415730538 1.3733474345744e-08
27100 197 7914.6570051594 4418.0773951892 15.869692279977
27100 198 6983.1088299894 4259.9113568728 6.0623480549358e-14
27100 199 7013.6870705747 4251.1715631145 6.1073346645027e-14
27100 200 6992.3103776649 4734.3258489668 10.849937979949
27100 201 7014.0868610708 3959.3745659461 14.626640023692
27100 202 6959.6277646956 4374.801118468 11.348521253133
27100 203 6966.0726503818 4401.5717736618 8.5486654456673
27100 204 7029.4386048115 4808.1790818107 10.836523795259
27100 205 7001.7458740732 4748.7967289098 0.052649129325351
27100 206 7309.4936556179 3580.7603113148 4.066969108376e-06
27100 207 6995.5963614033 4751.1856813026 12.220911055156
27100 208 6657.335985105 3947.7757404169 6.0484543627388
27100 209 6998.4464673994 4766.9716521538 12.697030346536
27100 210 6829.2545385864 4529.5742777528 10.707993338142
27100 211 6828.4350732871 3972.885946946 12.318532038113
27100 212 7022.0226237349 3940.0961479457 16.934015012721
27100 213 6998.3825949984 4749.2701298195 11.226565309898
27100 214 7893.2810183 3709.8948122695 0.94121173848254
27100 215 6567.0049274717 4641.3411885446 1.855178897973e-10
27100 216 6987.5022903972 4713.7458889014 2.5103918160267
27100 217 7306.2236511806 3580.2705206478 0.0002377004069589
27100 218 6441.3263455696 4587.3374227847 6.9569634792419e-11
27100 219 7306.7405145572 3599.3907958202 0.66731637344569
27100 220 6994.5311798257 4256.5311647132 6.0631857321988e-14
27100 221 6830.6201994634 4544.5865790982 9.9715013838778
27100 222 7815.300497728 4409.5972433872 12.842855002024
27100 223 6981.5509117311 4695.9213431331 12.442139883127
27100 224 6846.4896404923 4590.7996000905 2.0139823427867e-09
27100 225 7004.0145154505 4754.3794381326 0.023967341717053
27100 226 7023.0732131263 4245.1150171297 2.0199154356726
27100 227 7234.2028512637 5246.3532152767 0.00015850282388203
27100 228 7005.7050344571 4749.7659462773 1.6446215294201
27100 229 7900.11475634 3708.315398367 2.2705690140535e-05
27100 230 6966.5820065683 4654.0800557314 12.919906415036
27100 231 6436.0749654726 4582.9466080174 1.0283859879649e-05
27100 232 7308.6152517161 3586.7044638011 0.0071407214689019
27100 233 7006.4656837849 4760.4113126298 0.0097768834444879
27100 234 7006.4266753962 4249.7759182247 2.6337480594463
27100 235 7615.3874474554 4839.0977238556 2.3229549789027
27100 236 6991.758109263 4750.5102447681 12.069566437644
27100 237 6516.1809391482 3738.3693969555 0.0059525544012744
27100 238 6619.7667582156 4244.177700875 14.972017307973
27100 239 6910.6004673521 4386.0607199313 7.0174923025357
27100 240 7814.102370123 4394.5877596874 12.854893344185
27100 241 6548.07848706 4596.1539076562 11.574821276216
27100 242 6927.6141400584 4388.4700744436 5.2479873548255
27100 243 6998.2053141337 4577.9287077327 14.993438007344
27100 244 6962.2826436103 4642.9419310429 13.677986467142
27100 245 6435.6783367224 3673.5245352238 5.9393311084896
27100 246 6958.2708496354 4440.1373063564 11.144569291625
27100 247 7479.2586087606 5234.1150739118 0.079318747809564
27100 248 6945.3600667861 4585.7902791064 2.4972828998948
27100 249 6607.2036074554 4295.3988681984 5.6551185974134e-07
27100 250 7884.3074920432 3705.1964060956 1.0785292096125
27100 251 6966.2601918822 4328.7606599277 12.51057300216
27100 252 7051.0402850751 3865.7044529445 14.066252530652
27100 253 7694.6634828762 4422.5276441597 12.204927576022
27100 254 7041.0583472374 4246.4931640613 13.556064717779
27100 255 6271.9544566512 4185.3449757621 15.844187527053
27100 256 6834.9147044643 4573.2610773006 9.0273665306308
27100 257 7014.8954306035 4247.4047326329 2.2872951145112
27100 258 6973.3248922292 4597.2942010621 2.7445838887583
27100 259 7097.4690206034 4670.0030485427 6.645968593765
27100 260 6959.8929514656 4469.8138785435 13.498138507049
27100 261 7025.6596219992 4247.8217786228 6.0570940237417e-14
27100 262 6528.8376590509 4489.6853427907 15.422562418323
27100 263 7314.5362200931 4145.5945576731 0.0004028762418528
27100 264 7019.4339335645 4249.5636558409 5.9836154787462e-14
27100 265 6954.8014352539 4349.9961845819 12.366001415311
27100 266 6957.1937958135 4316.8134758015 12.31305615355
27100 267 7627.5173796405 4846.4029978759 0.89034308541111
27100 268 7054.1090887222 4245.2519579992 13.772924380842
27100 269 7044.6232202957 4252.2196978867 15.108052865461
27100 270 7441.0737624146 5426.9874801014 0.26780237932592
27100 271 6445.0437075149 3679.6519088535 5.6576541830877
27100 272 7442.1546096488 5407.9618545567 0.51365873652745
27100 273 7057.9671186878 4240.3293754537 13.616869521402
27100 274 7332.9979622664 4170.2075079856 10.390987240112
27100 275 6438.2561645569 4588.5374227847 1.1737503015547e-10
27100 276 7050.5367773528 4300.1788329246 11.609693841368
27100 277 7100.5815959427 4675.0344113551 4.3773903103017
27100 278 7638.0881646408 4865.6281285003 4.2819429695358
27100 279 6967.5691374951 4310.636299139 12.793741175025
27100 280 7008.0224327339 3887.4224964835 0
27100 281 6973.7786907507 4542.4025740534 14.501355518494
27100 282 6969.3905898633 4522.6495159522 14.784749304215
27100 283 7002.6422366315 4742.2277789544 1.8660706542757
27100 284 6875.5366929835 4267.8158481731 16.704597838058
27100 285 6999.6548820114 4743.6511819826 0.093980081159497
27100 286 6444.3671996194 4586.0375484772 0.10327753953169
27100 287 6146.4155524298 4920.6348480358 0.0023126224131503
27100 288 7257.6206077538 4153.784981143 6.8142700801938
27100 289 7220.2381179615 4681.6919819881 0.71439910144443
27100 290 7184.3894605704 4697.471438631 11.003199607818
27100 291 7079.9438581336 3865.5435894118 13.926185602192
27100 292 6938.6311339532 4393.3653641447 3.291623627663
27100 293 6968.551423409 4703.5684820697 0.096826380411458
27100 294 6970.2124201499 4319.8077089636 10.481069970147
27100 295 6738.7111823795 4018.4169721391 3.8228367722297
27100 296 6434.1877345656 4569.0307409068 0.11959766154481
27100 297 6436.5951524639 4575.2044676426 0.020871773741405
27100 298 6210.6891267268 3905.3303371193 14.524971141978
27100 299 6828.7646845693 3964.9298993934 13.42590403874
27100 300 6608.9872904355 4292.617709454 9.9280835957582e-11
27100 301 6319.5439613388 4195.477645143 14.979677611983
27100 302 7026.3886321261 4515.2616788016 9.2206039290362
27100 303 6728.679053773 4024.9052435505 4.1028306911235
27100 304 6060.3990279226 4871.6044732503 14.554600725872
27100 305 6224.4421486348 3981.8345031072 12.812695769704
27100 306 7425.3067676407 5218.6639113601 2.686716975092e-06
27100 307 7024.7184841418 4254.9415053262 13.367129360518
27100 308 6669.2925943491 3937.0802105921 2.5065626677253
27100 309 6652.1847500659 4174.3380136621 16.000978041759
27100 310 6969.0399360922 4670.2070379013 16.539569959722
27100 311 6431.6925895411 4562.6320414714 0.35331984356164
27100 312 7023.162298537 4251.9468650817 12.440806923241
27100 313 6817.8866909007 3975.5178311789 13.395065063452
27100 314 7007.2152266621 4263.264700372 14.315398562538
27100 315 6707.6035037138 4043.8449214935 10.603945268184
27100 316 6980.7091537396 4257.5103254828 3.8353835184655
27100 317 6738.3413416269 3984.5311151418 10.25774646676
27100 318 6965.2598254803 4636.19514835 12.540287861416
27100 319 6749.9875134833 4018.9967536831 12.175725133142
27100 320 7423.9701150038 4963.9981955198 12.84616136523
27100 321 6552.1593354226 4266.6239390768 1.159469200393e-10
27100 322 6961.3798193986 4623.9261960838 12.613743050418
27100 323 6987.8967884581 4265.2390363829 13.183559821689
27100 324 6747.6151838031 4012.212526961 3.5956422714578
27100 325 6573.4016374724 4640.1798796589 9.0338993580203e-05
27100 326 6960.5650542747 4606.7652056603 12.012692963126
27100 327 6908.666076227 4733.1887015299 13.898868966712
27100 328 6989.2636779108 4261.4339421395 11.375777461697
27100 329 6828.01482617 4496.2269553395 12.588276699016
27100 330 6968.7203748089 4639.424769413 12.912264932101
27100 331 6792.9000516529 3994.0812055565 13.987224107191
27100 332 6829.4284556526 4603.7601034344 4.7570916032751e-11
27100 333 27100 333 27100
27100 334 6858.5592277549 4657.6720959292 13.129212429983
27100 335 6845.9996405117 4587.5396000875 2.1587012374947e-08
27100 336 7009.1026281045 4766.9003476619 0.0032688177526418
27100 337 6875.6153925882 4710.9132397721 12.225228818943
27100 338 6535.7953145891 4551.1853374447 14.218927718513
27100 339 7020.131969812 4386.6925880437 1.8075755037072e-10
27100 340 6532.0256667386 4530.8436784818 14.929793093152
27100 341 6547.6606770213 4260.0235439289 1.1155413153749e-11
27100 342 6366.8520267176 4188.8100030909 13.715545955675
27100 343 6560.0289485202 4034.9666386505 14.311487265037
27100 344 7469.6798009463 4906.2818144824 11.531437821365
27100 345 7427.9632850205 5225.6797101231 4.8160131430961e-10
27100 346 6357.1013161745 3594.4205512326 15.242678930494
27100 347 7939.083830041 5035.5561763864 12.207643422303
27100 348 6585.411997579 4290.7416782747 1.1999707903063e-07
27100 349 6969.6678979745 4706.674262564 0.0005837689519791
27100 350 6426.8683123936 4550.2603760337 4.7796650393196
27100 351 7426.3088812872 5245.3321716096 9.2365593562037
27100 352 7584.5291943821 4362.6984207009 12.283832840968
27100 353 6668.7558504696 4052.0675423842 15.85554030201
27100 354 7019.694826544 4375.3426444211 0.0039620622793593
27100 355 6438.9645898721 4581.2807949333 3.4493759135626e-09
27100 356 6835.8250725284 4602.5988114553 1.5712262104617e-12
27100 357 7032.7786208503 3873.6881816735 13.964505530545
27100 358 6453.993274758 3688.3533123814 5.8453935060744
27100 359 7721.4994698932 5284.4453098088 12.922963668766
27100 360 6376.5165532033 4012.1078938613 15.180174400333
27100 361 6685.8002825963 4041.7689127518 15.307416270313
27100 362 7007.9310937051 3937.9570662964 12.733988481276
27100 363 6995.0323096455 4690.0447032311 0.0014008617994212
27100 364 7023.565795558 4802.491542965 9.5122309086501
27100 365 6555.7371267173 4627.5659478198 10.998672219732
27100 366 6622.7743400917 4119.5817921502 12.365487260451
27100 367 6543.2329037032 4578.4142759844 11.837770197099
27100 368 7097.1695586392 5141.3091219465 6.9255331763156
27100 369 7189.233296741 4653.0329518827 12.920039990839
27100 370 6973.063374545 4262.2256787067 4.6914661136343
27100 371 6514.9623716517 4288.6477345026 0.00060443841488771
27100 372 6562.8851259168 4659.299157763 10.096702926427
27100 373 7086.8219251184 5150.3727912785 6.8625328256354
27100 374 7491.4927314135 5180.2288036395 13.745548186279
27100 375 6846.9896819693 4594.0596846669 3.9984934385375e-05
27100 376 7188.8033223175 5404.9929271216 13.342360090657
27100 377 6552.4049801244 4611.9931550165 11.285146931686
27100 378 7348.8794138014 4185.0798832391 11.516376346927
27100 379 6374.7861311475 4108.076802923 14.839886545881
27100 380 6425.4571329828 4056.6494978003 12.724347260137
27100 381 6075.4552543316 4877.7020329504 13.449898257112
27100 382 6823.5238105402 4604.8320790024 7.0877035619106e-10
27100 383 7674.519527667 5239.9287596834 13.343814993354
27100 384 7314.3882031364 4149.2290743526 1.359386252123
27100 385 7031.0183369299 4820.8308767468 10.673983808649
27100 386 7030.927877416 4242.9157722187 1.7122236443801
27100 387 7292.315349522 5379.9682458454 9.2603383667706
27100 388 6519.5593235449 5204.9453874253 14.292518684521
27100 389 6550.0054854146 4257.5871741474 0.016796632812957
27100 390 6989.2105798745 4254.5962910715 3.2075030114754
27100 391 7497.8610258674 5184.7050942824 11.759022135468
27100 392 6775.7954775081 3999.9467487197 13.634598341341
27100 393 6393.2239012482 4126.4487188895 3.9324581896347
27100 394 6513.0340640633 5183.3421275882 13.834770154618
27100 395 7032.8429613237 4245.8119615158 3.2825072501485e-14
27100 396 6979.2325567985 4271.9482689649 10.691924877191
27100 397 7697.397161911 5261.6068057455 12.6365496712
27100 398 7470.0982252981 5252.0544958897 8.3315269865721
27100 399 6515.192744631 5213.3190915902 14.71925609376
27100 400 6529.2154355297 4510.6957496448 15.299062675216
27100 401 7170.6666364318 5414.3539679153 13.964965564892
27100 402 6091.565105295 4884.1327341022 12.955839893352
27100 403 7489.5000058427 5198.8730822141 12.98497160755
27100 404 7737.3781069446 5300.1189314988 7.3794841823039
27100 405 6517.7511417653 5210.3817615348 15.093260324318
27100 406 6545.5290925383 4653.1835885121 6.5420508634041
27100 407 6525.9902420231 4272.5606782183 0
27100 408 7435.266313988 5432.3281310405 10.597161036534
27100 409 6989.0966132769 4735.1884814473 11.511158744128
27100 410 7737.2037462553 5311.1856168206 4.4189862071928
27100 411 6298.5740424255 4193.2192312885 14.204760771509
27100 412 6522.900759896 4662.4011251982 9.7575193938877
27100 413 7432.8792335081 5446.5406706734 11.613406777416
27100 414 6508.6413328719 5191.6175401382 14.755035870046
27100 415 6972.8835481484 4588.1020531345 4.0261176025114
27100 416 7732.3395270318 5319.9831042201 4.2311016730902
27100 417 6318.0334805391 4198.4821443386 14.020316692201
27100 418 7594.073602194 4821.1150514994 0.064440522138046
27100 419 6708.1954937346 3952.6126613354 12.751507921115
27100 420 7038.4968768617 4243.915072676 3.2651378169323e-14
27100 421 6415.387996851 4445.4038061747 14.554663082409
27100 422 7071.2766657081 4228.451850844 12.73774307515
27100 423 6414.9277404359 4475.1348543463 15.759655232919
27100 424 7453.8873988183 5426.1358899528 5.487941986746e-08
27100 425 6920.5529835615 4712.691832156 14.402026272176
27100 426 6528.9446128449 4657.4432516446 7.8459404350648
27100 427 6411.07 4478.1161107404 12.513922648096
27100 428 6523.1638482069 4270.8459639978 0.00027519553604162
27100 429 6121.427319492 4772.8647365135 11.330272686094
27100 430 7115.9953747807 4214.0434602778 12.146174498118
27100 431 7339.9304987933 4213.0911920039 1.8043899699682
27100 432 7070.7583876431 4692.185412598 12.608828950519
27100 433 6592.0068942278 4294.3075380965 4.4637261936008e-09
27100 434 6976.8669739893 4602.2343896494 16.026832267518
27100 435 7465.1059082744 4902.9755962109 14.065783041488
27100 436 6739.0033940403 4022.1603682605 13.208464450277
27100 437 7057.6037977745 4868.7280590799 13.695795338991
27100 438 6997.6878790848 4252.2227132253 2.8483672846592
27100 439 6238.8215289988 4001.2747212092 14.690412578369
27100 440 7437.3678873128 5418.4621018224 9.6762241313772
27100 441 7011.3622128223 4772.4607701111 0.00093739944998967
27100 442 6978.4406498123 4635.3799366711 12.522672782887
27100 443 7101.2342519142 4229.7019655601 9.2189678444386
27100 444 7013.809758218 4778.4837292224 0.00024936351384977
27100 445 7484.4719828377 5226.5373813555 10.256864188558
27100 446 7444.1939403095 5393.3301260314 1.2216435420257
27100 447 7495.740781304 5201.9413019532 11.379765989012
27100 448 7572.8656894734 4750.5912244375 12.41175416436
27100 449 6985.2569893372 3883.0491640362 1.3406337173735
27100 450 7439.6179118532 4970.9636248483 13.665738390453
27100 451 6963.6489358101 4602.2717070596 11.433813748926
27100 452 7331.3916729066 4214.0066653772 0.35557807048515
27100 453 7121.9525613475 4207.6501306786 8.6864380772724
27100 454 6970.2844399337 4602.7493962365 7.1586607043593e-08
27100 455 7493.3761239146 5194.898205121 13.408020839681
27100 456 7572.2081074894 4731.9405971382 12.447556092917
27100 457 6998.5938588262 3864.2792280175 12.24170993142
27100 458 6372.423245179 4206.1822522292 14.596470054243
27100 459 7356.3647890362 4218.3872073452 6.1578371621733
27100 460 7042.5354210673 4849.1723027986 13.821749952143
27100 461 6883.5122043242 4750.9161640335 3.0900011477652
27100 462 6675.9309091195 3930.3205522504 1.3171405787231
27100 463 7631.3374218613 4854.8229806214 2.2612109360643
27100 464 6511.2847405751 4294.012528985 0.0030364898354718
27100 465 6445.8084771711 4680.5400062978 4.6902878863473
27100 466 7344.6905737491 4185.3766989433 11.020010472654
27100 467 7768.1181267517 3730.4121002739 16.106711519091
27100 468 6964.4378417602 4618.885138244 11.934540372543
27100 469 6554.2537038715 4264.0390682401 1.5064243481112
27100 470 7037.4108274467 4240.7932125703 1.3947522236604
27100 471 7932.0472767885 5041.273149717 13.915088362827
27100 472 6905.7215695121 3915.3811715094 15.549131535247
27100 473 6900.5832362717 3910.7353258525 21.479421838277
27100 474 6662.6457036113 4154.5889635492 16.246917855001
27100 475 6923.8649797679 3898.6613279887 20.29603614132
27100 476 6770.5582521343 3999.1181917782 11.915145226568
27100 477 6582.9351555797 4293.1030373343 5.4402601498651
27100 478 7913.9125647408 5047.0833274167 13.469478157366
27100 479 7897.0034491773 5052.5008364409 12.578549202162
27100 480 7831.513616857 4456.1598649543 13.919509766342
27100 481 7891.3692514479 5050.9884323045 10.841591728143
27100 482 7272.5602634608 4051.2172422587 16.596786213597
27100 483 6139.0900976235 4939.4254439864 7.943161390432
27100 484 7000.8487416575 3880.299949409 4.8629720876591
27100 485 7011.2515260731 3923.2253719339 14.842219039431
27100 486 6976.8509633264 3819.1762488261 13.617531500707
27100 487 7729.1478531756 5071.3474553671 13.269330577813
27100 488 6910.0073372701 3909.0725375225 21.343833523444
27100 489 6559.1138383638 4643.0119519922 10.484404728037
27100 490 7006.1652765382 3874.2524450472 2.8678783812245
27100 491 7103.3939201962 4215.9459195824 7.0661420526379
27100 492 6625.4350855042 4121.5427135536 12.742917952783
27100 493 6522.3144125773 4277.9228445472 4.9641829569745e-06
27100 494 6992.7471221909 3848.0286799514 13.019358734882
27100 495 6984.7837142681 3833.5427653192 13.145339950071
27100 496 6508.7916599276 5034.0296704042 13.01019187498
27100 497 6570.6565224304 4281.7573510649 6.1471343708882
27100 498 6684.0073584392 4050.4411137285 12.242938229643
27100 499 7296.1483135396 4146.0590020526 0.003361456123093
27100 500 6643.0302073191 4193.8036298862 15.561679917443
27100 501 6509.2114853246 5053.1403525161 12.571613943741
27100 502 7644.268449849 4555.7947339914 13.497623699139
27100 503 6561.2955390667 4279.921175357 10.423772901891
27100 504 6502.2668115654 5037.5754463794 9.2622740328194
27100 505 6509.412441621 5070.0802122947 12.079963766352
27100 506 7299.1775975778 4151.2071809577 0.028489206506488
27100 507 7626.5736083944 4834.0886095356 2.3600698276849
27100 508 6509.5370612162 5086.2575746261 11.389121697266
27100 509 6502.6566332024 5055.2989808028 10.026141066936
27100 510 7727.7619659817 5328.2621380809 3.7093556256431
27100 511 7301.6481046503 4156.8037925881 0.11773378468048
27100 512 6986.0887196981 4390.1333492753 0.19042151586919
27100 513 7239.8842940864 3820.0454972651 11.899559874641
27100 514 6630.3841848901 4221.1869997694 17.072489399775
27100 515 6510.9572179851 5122.3260552607 4.645560543809
27100 516 6979.4637112285 4389.1842868658 0.04531926147365
27100 517 7091.464136049 4211.1277519688 1.5583524506678e-08
27100 518 6505.4893945808 5033.9910877111 13.71204865515
27100 519 7756.4597270485 4438.182484453 15.877348347007
27100 520 7019.2061202895 4362.6539246288 0.30146506368851
27100 521 6247.7084572931 4939.9186135232 11.366099997563
27100 522 7303.8743091211 4163.2753172124 0.33150622736112
27100 523 6512.8427477503 5133.6035629824 4.507056198422
27100 524 7019.4648997797 4369.3728491529 0.05080466086672
27100 525 6502.8369761848 5073.3515391274 10.425525308703
27100 526 6425.3881891597 4686.9066971723 4.5573092715025
27100 527 7474.3272778307 5263.9523483833 3.907318851284
27100 528 6506.1167546682 5070.6856057864 11.655577925577
27100 529 6618.7949402047 3866.3551772683 14.674562988478
27100 530 6505.8948665399 5052.437284645 13.185156384288
27100 531 6593.1057836141 3999.9179253931 3.7605395800942
27100 532 7187.2509228334 4168.3258524878 4.6992418715658e-05
27100 533 6514.6667384797 5144.2049059259 3.8697495402915
27100 534 7409.1122316186 5184.6766594287 14.191552926636
27100 535 6505.3569926268 4094.9785168805 7.4021240068159
27100 536 7280.5602362446 5340.2907205079 2.1246433713546e-06
27100 537 7018.7614747773 4351.1091934967 3.7671734635313
27100 538 6677.289433984 3926.8154717744 6.6265974315633
27100 539 6632.0715996638 3880.8347220393 15.237651847248
27100 540 7688.8394000751 5409.6106977281 1.5206121861301e-09
27100 541 7634.7192289719 4505.0458200759 4.6944986922145
27100 542 6769.3137690044 3842.6196178098 5.8030618358496
27100 543 6605.5461221047 3851.742146972 14.243483459657
27100 544 6509.2710294816 5132.2881633314 9.2078314541734
27100 545 7103.1348588365 3847.9342882374 14.695968640818
27100 546 6502.9667228371 5090.1793782017 10.308020518151
27100 547 7197.4772281371 4172.4884678032 15.250260447634
27100 548 7784.1672411229 5238.4832071586 14.449901180074
27100 549 7218.4395025886 4162.1200309777 15.245264891838
27100 550 7536.8965946052 5236.0082550674 12.033894015895
27100 551 6518.6385424014 4283.2850702918 7.6643526839335e-05
27100 552 7723.2213297296 5336.4743892929 3.2006262835344
27100 553 6511.3773886247 5144.5216755123 8.5654764398579
27100 554 6509.6575888609 5101.9037446911 10.828191604814
27100 555 6417.4539701479 4500.2025287415 13.492067320524
27100 556 7487.2476761667 5213.6809566528 11.970217910333
27100 557 6456.1741550568 4677.3081681001 4.4751551781704
27100 558 6506.2402969183 5086.7173675338 11.214061705513
27100 559 7356.9793833869 3808.5869224796 14.09240466175
27100 560 6676.1853463534 4051.1465085721 12.731089149254
27100 561 7294.3008084949 4165.9101356164 13.870385622743
27100 562 6499.742291553 5100.0129697555 8.8851619548075
27100 563 6548.2095028451 4659.3063629187 6.0572046238011
27100 564 7707.1090900186 5368.7490339601 5.9123608957594e-14
27100 565 6470.4545996811 4646.0351992413 11.525552508327
27100 566 7067.3402395231 4127.1655105622 0.023534634931511
27100 567 7263.4875527454 4139.8381997173 13.050794330954
27100 568 7236.5138700632 4153.1800212591 14.420699521532
27100 569 6784.8509116388 3991.0467760389 13.627996736853
27100 570 6475.1867793278 4666.1486781894 8.0223631688099
27100 571 6513.5203990224 4253.2407422891 2.0066965655345e-12
27100 572 7065.8598231244 4133.8705204067 4.1359846453467e-07
27100 573 7282.549221339 4122.0955011682 15.331643195768
27100 574 7686.3759926804 5415.1203109178 8.5066255043092e-09
27100 575 7316.3357971288 4217.5926821924 14.112782739518
27100 576 7458.0829289288 4365.9705704547 13.02472299436
27100 577 6360.8743102664 4990.2220551121 1.1508773232509e-05
27100 578 6537.1583130929 4658.7411796457 9.9959350186247
27100 579 7548.5942972575 4520.7529616803 12.949584055931
27100 580 7881.4363864373 5057.9844409753 11.779638122806
27100 581 7704.0299334046 5375.6358209082 5.966485954597e-14
27100 582 6232.2591980614 4014.5943807157 14.085027017236
27100 583 6720.4028696909 4863.9723823357 13.931261178057
27100 584 6512.5015535906 4256.38128281 1.1311281573614e-13
27100 585 7382.3398257574 4229.3957535835 15.237319770429
27100 586 6426.0740064712 4513.8130643111 14.288370396147
27100 587 6466.6965562221 4673.8611569502 4.3017071301676
27100 588 7700.7455270497 5382.9816657784 1.6732297178119e-13
27100 589 6214.9558831997 3984.8312869133 15.742475171253
27100 590 7906.8639943305 5045.8806819962 11.335888870939
27100 591 6578.3513156061 4962.1616388684 14.975073210402
27100 592 7697.2558709538 5390.7865685708 2.4767860840396e-12
27100 593 7867.3169563015 5062.9625863898 10.856801796185
27100 594 7641.3851000773 4822.6309048335 6.3993339717084
27100 595 7069.0293664935 4132.9491066615 1.7508197841333e-05
27100 596 7842.527644318 5073.0956696759 8.8345317318082
27100 597 7694.1767143399 5397.6733555189 2.6759392855227e-11
27100 598 7445.3027415506 5385.3747321076 1.4508389538288
27100 599 7849.8747944182 5066.1915603229 8.7044053062322
27100 600 7672.3505356755 4795.8951969216 14.040706688369
27100 601 7691.5080572078 5403.6420266229 2.1157503020218e-10
27100 602 7494.9965244526 5176.6240249369 13.998106143047
27100 603 7327.3361294076 5414.3890264567 0
27100 604 7092.1025888543 4948.4019175582 1.2451776661889e-06
27100 605 7089.2703324521 4950.0810348482 6.9730745933487e-08
27100 606 7811.098052083 5085.2433602613 14.116055477824
27100 607 7145.9017600461 5049.9766971004 7.0666580030195
27100 608 6592.9651373211 3837.8066650206 14.018017389494
27100 609 6567.8253737088 4678.9716428632 10.746625444045
27100 610 7279.2480829055 4132.7420112866 12.048721649302
27100 611 7098.2180528062 4973.2579616127 0.050766460612272
27100 612 27100 612 27100
27100 613 6433.726724367 4531.5349143418 13.908917018862
27100 614 7086.4296061353 4951.7595031708 5.5108346489559e-06
27100 615 7716.3111707513 5348.9721887848 5.5170265378649
27100 616 7092.3404487626 4962.1785392856 0.001458276336093
27100 617 7742.2516576991 3725.5457055237 14.967603273581
27100 618 7401.6929464154 3806.976528227 13.598948199913
27100 619 7680.6789258858 4743.7496108518 8.6623443407877
27100 620 7662.716007169 4418.3389317303 14.401387144537
27100 621 7089.4847522866 4956.9123214403 0.00013578570758861
27100 622 7720.2160866107 5357.6879187378 4.5888487002786
27100 623 7095.151150784 4967.4790209317 0.0088742963985368
27100 624 6959.1462008294 4456.1519747416 12.004315441774
27100 625 7757.7652987036 3725.7724408767 15.174567731822
27100 626 7092.3298890956 4955.2431304172 0.00021331349319522
27100 627 7785.2701057323 3716.8418893095 13.614660118097
27100 628 7098.7167398831 4967.1643425975 0.020827007015677
27100 629 7884.0832583551 4560.3825782726 12.984200138024
27100 630 6567.5949452246 4644.5911487093 1.7962584812429e-05
27100 631 7294.5632236291 5346.5224486646 8.5920233639655e-10
27100 632 7269.0184705083 4093.4695103137 8.6000689552527
27100 633 7095.1929636612 4960.5187024993 0.0029598957501234
27100 634 7803.4153114348 3716.5334585996 13.337352883135
27100 635 6435.5237154514 4683.7466162413 4.6439669343076
27100 636 7462.3712616905 5346.9938203064 13.359468082445
27100 637 7018.5948388168 3631.372379915 14.892632594028
27100 638 6560.0248178171 5328.0501962555 0.045264435490851
27100 639 7277.8942884639 4118.8204933564 11.162595710695
27100 640 6503.0830571874 5105.267672883 9.9066234382048
27100 641 7859.0882992375 4571.0600876965 13.637999316656
27100 642 7301.055518997 5360.0465569821 2.0438605277455e-08
27100 643 6557.899090127 5334.8798932177 0.33281135951659
27100 644 7827.914015218 3708.0729577401 11.7318961503
27100 645 7328.7365129325 4220.7940135502 12.888103476591
27100 646 6504.0230873077 5120.2896148458 9.3936423852344
27100 647 7791.1871840695 5277.7630576644 1.2283613720657
27100 648 7458.4164606029 5349.5291141987 11.939243087589
27100 649 7014.5375643321 3894.4157303305 0.12912100039504
27100 650 6563.0780777214 4973.0651785782 14.147746761548
27100 651 7456.3898755482 5343.5556483691 13.639543401573
27100 652 7822.0740036853 5080.3086597754 13.079546743555
27100 653 6561.228281062 5334.7584419665 0.74876977499103
27100 654 7151.3406489063 3835.855998127 14.12760413064
27100 655 6528.1890813243 5199.2782137472 12.000753764907
27100 656 7264.5539605767 4080.3929224725 8.1222251044638
27100 657 6507.1391032804 5118.8212821082 10.22630154709
27100 658 6553.6551765699 5329.9419674122 0.71259538977899
27100 659 6506.2732393684 5134.3644808368 8.8424730415949
27100 660 7273.2042488134 4105.5451397447 9.8847527044105
27100 661 6556.776766944 5328.6386171132 0.051845841069494
27100 662 6559.34850475 5342.9401355697 1.0860246602489
27100 663 6234.3073434134 4942.1797377356 13.988964075399
27100 664 6580.3644558767 3823.8493658213 13.622968182208
27100 665 6439.2349386295 4240.6039021785 14.861239180957
27100 666 6418.3169936971 4228.3462810419 11.806150974626
27100 667 6418.2606534446 4231.7396280762 11.775139319033
27100 668 7236.4336051374 3888.917992791 3.7566277155192
27100 669 6420.3143586129 4235.6840101603 14.408457545147
27100 670 6401.8618546205 4224.0664891704 11.453344061735
27100 671 6362.3357612023 4220.6079163843 12.451195167051
27100 672 7727.7583411358 5360.8337621855 3.3782570682973
27100 673 6395.4130613209 4229.208960575 14.349500445079
27100 674 7602.9704740732 4828.8874514207 0.46292387164399
27100 675 7709.0665281958 5357.229038491 6.8788500555599
27100 676 6386.4330084173 4220.0536242376 10.933329784256
27100 677 6378.18989314 4224.7304441877 13.316352986825
27100 678 6371.2011615266 4216.0919965536 10.297119422922
27100 679 6370.6119912729 4219.3449423823 10.31696812468
27100 680 6401.2615592318 4227.3177110644 11.366093681997
27100 681 7718.8639099762 5360.6995639905 4.8363156526173
27100 682 6346.8345019425 4216.4960030033 11.435971237936
27100 683 7658.6491764456 5210.3592009199 8.3041856396639e-07
27100 684 6356.7373350352 4212.2956194991 9.6595999682594
27100 685 6385.8618058705 4223.311825191 10.926423195584
27100 686 6356.1107248193 4215.5389876558 9.6441749824692
27100 687 6562.8061780431 5343.5538253743 2.0119978444289
27100 688 6343.0446029543 4208.662853845 8.9090076572232
27100 689 7727.2720162077 5364.2115471228 3.3382617302129
27100 690 7307.5478144674 5373.5706655132 2.4701587077031e-07
27100 691 6226.5673946537 4942.8621471656 13.274671184609
27100 692 7684.0019397077 5420.6634600865 4.5361065200008e-08
27100 693 6558.1330634968 5358.403282157 0.13237679552425
27100 694 6392.9829320088 5151.4412088065 9.9065254300843
27100 695 7656.802064353 5207.6272795422 4.5361171411045e-05
27100 696 6898.1357164529 3765.4388239155 12.335476902533
27100 697 6423.2546085184 4532.1575537505 16.196839931636
27100 698 7667.0117252941 4756.0858041707 7.0937164195648
27100 699 6558.1523713747 5365.4828373883 0.60763503677516
27100 700 7458.1309524328 5366.0540473672 13.209171150573
27100 701 6282.3195674786 4958.8177407927 13.840071864777
27100 702 7330.2221039699 5420.2143207674 6.0284255955653e-14
27100 703 7570.6873762807 4513.1684742091 14.81635474619
27100 704 6193.4508572176 4752.9435294002 0.28534585218523
27100 705 7520.4452011398 5423.192402125 13.550599039826
27100 706 7403.4011958811 4038.0308034745 11.962479718752
27100 707 7469.7054876112 5285.0915963317 7.7895983977239
27100 708 7455.4604251306 5384.2431384519 12.221417043146
27100 709 7663.2261115324 5207.2636704092 0.023289929081069
27100 710 7675.1642208577 4419.4611540265 12.278679431609
27100 711 6420.1491229879 3687.154537555 6.9425296092517
27100 712 7242.1822775483 3687.9718083055 12.957251816374
27100 713 7168.9815859311 5218.7561852124 14.164331634039
27100 714 7513.595314238 4051.4919226944 17.791834818677
27100 715 7592.1838995578 4458.461325714 14.205791459004
27100 716 7451.1480371609 5367.3476071803 11.762437714861
27100 717 7914.4720761181 3688.4390743922 1.4965924699956e-10
27100 718 7915.103138124 3691.6788454875 2.5016337173726e-10
27100 719 7572.5935744365 4135.5112046372 16.050836767222
27100 720 7920.8501748668 3687.1991069823 4.4065284354126e-09
27100 721 7915.7341855259 3694.9186193371 7.6809187067552e-10
27100 722 7693.2947022267 5355.5196599579 3.9711550468115
27100 723 7459.9248846854 5426.4164857329 0.11694372020585
27100 724 7898.0378499273 5060.4271088432 1.1632172508064e-08
27100 725 7920.9970560939 3690.532873229 7.3824538798156e-09
27100 726 7479.4498089414 5433.9321734701 13.913139536885
27100 727 7926.737726165 3686.0545069971 6.4628591743109e-08
27100 728 7923.1091861725 3693.4845070939 2.3335364034431e-08
27100 729 27100 729 27100
27100 730 7449.9851749567 5423.456597118 11.592443830752
27100 731 6563.5907776323 5353.1668551653 2.9943393948063
27100 732 7902.5323484839 5063.5986135116 7.6843058703473e-07
27100 733 7653.0072453878 5350.2705211428 12.178793446754
27100 734 6205.2381366387 5390.1414516487 11.285591492634
27100 735 7734.75877302 5364.2472987156 2.1621006025112
27100 736 7926.890998817 3689.3868961576 2.4429079548382e-05
27100 737 7954.8610706055 4608.1094377323 14.502087363687
27100 738 7885.749163418 4689.2682961979 13.114257327718
27100 739 7912.3978304046 4612.366009553 13.193730597356
27100 740 6191.6881351281 5374.3131313001 11.835496728913
27100 741 6173.0655424244 5352.5593061948 13.90117268237
27100 742 7710.0935266215 5370.168690702 0.00014233768343007
27100 743 7734.5679452876 5367.8792419514 2.1840190186532
27100 744 7582.924463811 4365.9125463788 13.732686841404
27100 745 6196.1381791968 4731.4514212491 7.3963044213042
27100 746 6561.4444096938 5362.7072577824 3.2244402485035
27100 747 7314.0401107394 5387.0947757139 2.1035714879764e-06
27100 748 7907.4416785258 5067.0628404884 0.007427348781184
27100 749 6369.8148977943 5367.3336484504 10.746662302198
27100 750 7114.6413327464 3502.1535098466 14.820535245877
27100 751 6614.6858133929 5302.5828462042 7.2552779635279
27100 752 6090.4416516709 4580.3689050587 8.6831393325378
27100 753 7315.3386877478 5404.24487726 13.875111019366
27100 754 6358.7241124158 5384.2732121153 12.024881276131
27100 755 7933.4191767254 3688.1176028251 0.14484005189616
27100 756 7936.7126733595 3684.1152755861 3.1637606761665
27100 757 7457.7002207508 3644.2757559607 15.056870601217
27100 758 6183.3365260981 3826.8821801328 15.336410587206
27100 759 6288.1905736733 3550.3022373258 15.922299215692
27100 760 6064.6796977271 4723.770304501 13.062830191949
27100 761 6560.204880965 5375.1009299942 5.0914519823901
27100 762 27100 762 27100
27100 763 6078.0078611398 4623.6950322956 13.328824446152
27100 764 6310.5907316131 5425.319650767 14.545378795588
27100 765 6128.7742413283 5082.5033369453 12.294720553822
27100 766 7681.8372486174 5427.7201967453 0.76384225962235
27100 767 6556.1402422994 5378.7521086467 5.2115401934518
27100 768 7457.2994022016 3624.0179329825 18.944935159617
27100 769 7302.481863935 3560.623246515 2.3182069310578
27100 770 6146.0737728643 4154.7383880602 15.052903834454
27100 771 7929.9317257598 5028.0911443527 13.254528991466
27100 772 7334.978442324 5429.8149150051 1.4799134095409
27100 773 6787.5893123945 5450.9142884902 16.071383206831
27100 774 7300.8024139287 3557.0369805771 3.7182799296839
27100 775 7324.2567666435 5423.0598270039 4.2631881879447
27100 776 6272.7227455472 5465.1350416146 6.0292698483447
27100 777 7232.230034517 5406.0368088227 7.160563830204
27100 778 7679.5863841566 5436.935367088 2.3402930352104
27100 779 7303.4130728758 3570.3743443396 16.266277759828
27100 780 7303.0775942797 3542.6242331424 5.9192903292042
27100 781 7961.4837572136 5017.9765595949 12.78124904911
27100 782 7305.996099365 3545.5721525722 5.8972097299579
27100 783 6916.6737858606 3551.7202076041 16.141316584387
27100 784 7469.0804894803 3561.2785570673 16.82671708116
27100 785 7040.5626388683 3542.7325467681 14.800479165383
27100 786 6645.5153720838 4171.9235926286 0.022049791040167
27100 787 7640.5671180208 5476.3427161878 13.521283992894
27100 788 6899.4430359747 3528.9803411792 11.311752923028
27100 789 6990.162296382 3518.9672895294 5.0933178575191
27100 790 7305.170150668 3527.7156739608 7.1822949517042
27100 791 6263.377276616 5467.2886574655 3.3648154736417
27100 792 6547.3212457542 5420.4826385089 14.647337423522
27100 793 6899.4106528352 3535.4321210334 16.169517788411
27100 794 6890.8037143597 3513.8451696132 10.995850890327
27100 795 7982.2036877027 4848.6154510569 13.871457812721
27100 796 7306.9851467909 3511.8734746968 8.2727484935551
27100 797 7664.7223175795 5471.1370761171 8.5875480652498
27100 798 6883.1603584821 3499.2078652115 9.0100824207343
27100 799 7998.1480486656 3672.6196846649 12.970005435239
27100 800 7475.5360588745 3508.040283219 15.366068274524
27100 801 7997.0206763327 4590.2137892339 14.155105355372
27100 802 8002.1431272794 3675.3350264081 12.975857561781
27100 803 6862.6664104342 5459.8485123065 14.977997037544
27100 804 7677.4107569916 5478.7961792793 3.5189315093701
27100 805 6960.9074230312 4281.0802400705 10.658898106119
27100 806 7411.177342244 4950.2301889622 14.193698776509
27100 807 7108.2295352408 4210.3332306124 15.430841568554
27100 808 7538.2169873978 4396.6494526865 15.591953645874
