23000 1 12475.987191571 19225.616209075 9.0715666101771
23000 2 14396.500693469 20576.918449669 13.736577995881
23000 3 12462.567408855 19212.894143502 9.6260881828782
23000 4 13921.042389219 19938.88596597 0.42546140547157
23000 5 14379.313853419 19930.578253725 2.7250599669838
23000 6 14270.18505885 20616.595180356 12.582896833005
23000 7 12992.867657348 20120.946701464 6.7452460691743
23000 8 13787.363418998 21116.256917989 11.262811054743
23000 9 12446.714092259 20474.965909476 14.008907888377
23000 10 13357.537611538 20101.806656665 1.5049966665421
23000 11 13753.04885096 20663.54826187 12.02413832075
23000 12 14094.228048118 20227.723494334 12.977573581915
23000 13 14106.461323872 19200.506656736 0.045049679845225
23000 14 13704.264543897 20828.751520282 13.722956102635
23000 15 13749.902092628 19630.543302602 13.5130955362
23000 16 14363.57784404 20140.300839725 11.419555006621
23000 17 13351.226226269 19322.118843069 13.65069576202
23000 18 13676.560665997 20452.543925294 13.29225357204
23000 19 13366.151584055 20102.211329572 1.5911054252042
23000 20 13705.171252587 20775.302644297 13.339996520115
23000 21 12708.156198383 20482.036183499 11.775361734701
23000 22 14113.662141925 20229.025771536 13.553950326717
23000 23 13233.307650293 20025.093737559 7.1568548413695
23000 24 13778.016774796 21100.993906055 8.7340093617827
23000 25 13470.48099774 19144.708533516 14.127105650425
23000 26 13442.313172635 20105.583176652 2.975470305967
23000 27 13697.366288983 19939.407605297 11.728876059317
23000 28 13386.067062862 20103.146932127 1.7029697284804
23000 29 13713.154520771 20057.451945329 13.499511931325
23000 30 12949.763437577 20555.316674777 8.7534948483326
23000 31 13692.374746362 19874.993439939 12.418252820964
23000 32 14394.95676353 19859.72128951 10.224098485886
23000 33 13693.833618467 20676.631103212 3.1061867471062e-05
23000 34 14182.096246837 19922.206777314 3.6585380846376
23000 35 13695.914397062 19832.110487951 7.2645975268027e-06
23000 36 14396.241843379 20544.317718946 13.930117373148
23000 37 13784.126134331 21117.033776897 10.979922552034
23000 38 14093.178551146 19593.241818222 2.119090566989e-05
23000 39 14087.57850777 19586.637730119 0.24159715673497
23000 40 13774.373978976 21100.6963089 8.9853371670211
23000 41 14408.943670459 20669.141196586 11.193748305613
23000 42 12929.540003591 19396.955935683 7.9506936909499e-12
23000 43 13177.014016583 19442.14235949 7.4788493055501
23000 44 14131.927866924 20233.187732724 13.76220078454
23000 45 12560.775473045 19263.311216232 0.00036168968408557
23000 46 14162.707987649 19921.372950358 2.405152948016
23000 47 12936.807879667 20553.375245839 2.3668362002424
23000 48 13715.255406627 19952.415651754 1.7219134195583e-06
23000 49 12394.382745195 20703.767087967 7.8465143904104
23000 50 13214.126073474 20012.773689777 10.543531920183
23000 51 13274.030613344 19445.797785182 15.807933293516
23000 52 13683.583970487 19953.196690648 8.8913298780473
23000 53 12951.43132865 20552.27235993 8.8783623166466
23000 54 13702.049355408 20036.763836441 13.938899558312
23000 55 13349.90192477 20029.58202718 8.0534659718455
23000 56 13975.070492731 20564.727782538 6.49725691153
23000 57 13766.053117236 21080.463175296 6.1267986729886
23000 58 13177.696933063 19437.783103608 3.473416376407
23000 59 13392.071079271 20900.128410135 7.7341134853503
23000 60 12408.851230543 19976.143479667 10.888900991459
23000 61 13734.44844017 20284.693330723 11.776047056403
23000 62 13934.505410328 19565.021323419 15.550506507975
23000 63 12458.565981587 19214.213914987 12.576567672612
23000 64 13713.923954212 19949.152324513 0
23000 65 12756.256412614 20832.700805643 14.1951742566
23000 66 13335.979144284 21183.916380317 11.139039542736
23000 67 12719.013685641 20468.857265641 11.862065157131
23000 68 13349.53700355 20037.502359568 6.5113304580139
23000 69 13552.88753573 19530.986722797 0.00020563855466271
23000 70 13734.12395182 19847.061618507 10.421099773282
23000 71 14215.199260885 20509.685677539 1.3612291342141
23000 72 13520.818214511 21164.114646436 1.3454158186489e-13
23000 73 13199.969175512 20024.441125751 11.696336042681
23000 74 13492.534410872 19805.692988064 12.742779661027
23000 75 13692.280012552 19861.71175979 8.8947264323546
23000 76 14237.753255324 20642.976328747 0.61730092664356
23000 77 13719.2463969 20090.512814639 12.772962212813
23000 78 12690.130992701 21196.416914807 11.244202649477
23000 79 13405.081275535 19784.442525941 11.24536453625
23000 80 13987.637461637 20549.174830255 7.3056428338481
23000 81 12953.156952163 21378.396948301 0.00013459670569418
23000 82 14336.572509645 19926.843077887 10.11071157067
23000 83 13518.165392972 21151.049518347 13.644451337981
23000 84 13344.761397422 19767.432448873 11.229440619462
23000 85 13322.197991092 20448.498391256 7.8954762595219
23000 86 13701.164085091 20747.798029272 13.085102847748
23000 87 12786.024996495 20067.951516816 8.738910313398
23000 88 12652.236646074 19868.024318877 1.2383734962133e-07
23000 89 13335.942265843 19218.570856198 12.057229518156
23000 90 13975.708472731 20585.162772714 8.4418826884135
23000 91 13955.075360928 19944.486088154 9.2956873737357
23000 92 13519.452135937 19958.000696868 11.396886938811
23000 93 13721.111432073 19847.989946166 8.917131998632
23000 94 14065.514477671 20236.288666071 8.5569228311617
23000 95 14147.724917154 19932.353481831 8.4780286137131
23000 96 12478.339603623 19223.212717943 8.4312408530778
23000 97 13696.238115707 19821.900021063 0.25242157965082
23000 98 13675.037075701 19843.173810873 10.142547368304
23000 99 12684.357891013 20708.813934272 8.2873310033169e-13
23000 100 13737.070330304 20200.818000389 11.174346988345
23000 101 13325.182180589 19759.322351261 9.1389052175456
23000 102 12937.253554765 20550.073671519 2.7881582919345
23000 103 13659.617994296 19844.557224954 13.648251578102
23000 104 13235.405244339 20504.131217246 9.0061122087281
23000 105 13700.365990046 20670.142797014 13.617368195518
23000 106 13666.586194908 19952.971272119 11.039877437055
23000 107 14133.216470119 19932.687355472 11.817251361185
23000 108 13144.472505596 19458.626276891 2.2693653568486
23000 109 13334.636557744 19754.494852123 8.1966854283586
23000 110 13500.389293646 20626.656639391 0.004499213574336
23000 111 13692.695554711 19919.970770458 2.3908539603433
23000 112 13692.796410119 19934.110698657 5.2587449551864
23000 113 23000 113 23000
23000 114 12944.940067411 21374.089393701 0.11819441204793
23000 115 12654.011829012 19908.439798184 12.949169322222
23000 116 13189.221738951 19688.841966421 13.222817566215
23000 117 12476.680423325 21379.061339012 12.61980399054
23000 118 12764.694275385 20894.065146746 15.927515177801
23000 119 13290.754685244 19245.961805413 12.169119810896
23000 120 13092.057921103 20572.421213221 9.0320936122673
23000 121 13999.490670115 20549.28250646 7.0567100217412
23000 122 12701.196901709 21195.552078464 2.6292351540468e-12
23000 123 12921.331820202 20553.341655419 8.1402840618685
23000 124 13692.743062499 19926.631362302 3.2141776350165
23000 125 13707.194700508 20299.243258347 4.9383071027677
23000 126 13758.63527066 21033.504051305 6.6847437338658
23000 127 14372.842020626 19920.72646778 6.0412712136156
23000 128 13313.295688084 19753.206047063 6.5078773218393
23000 129 14268.157324486 19620.302465394 7.883389892126
23000 130 13404.904238065 19295.168292654 0.0014326043154579
23000 131 13688.666142317 20445.546294883 11.845476084598
23000 132 13982.366828518 19541.277348184 14.41949786663
23000 133 12928.33891036 19818.321445616 14.628484992913
23000 134 13279.382651133 20504.270604713 7.5652497472847
23000 135 12715.877790217 20489.231088987 9.2217495418478
23000 136 13687.002127357 20473.019285983 11.381195323238
23000 137 13694.547935748 20427.088945093 0.10940083372741
23000 138 13695.420974703 20784.750293418 10.958950780115
23000 139 13779.747528537 21114.804341081 10.391344732046
23000 140 12589.666819552 19726.87060554 13.615814760612
23000 141 14351.713652674 19782.612236138 8.4800959609289
23000 142 13696.072930338 19827.110161925 0.0019281766935297
23000 143 14020.483841403 20646.274347942 11.508668489549
23000 144 13502.869573845 20623.668740338 1.7694498877025
23000 145 12996.07625485 19747.097075345 14.6404728125
23000 146 13604.34777821 20655.831068081 11.805119607607
23000 147 14350.169610438 19922.387569048 7.6251701971084
23000 148 12423.529232758 19967.064956093 8.6164355787134
23000 149 13726.388337033 20847.814235517 11.169073711126
23000 150 12896.750562904 21281.978169412 1.3132756059828
23000 151 13189.981345608 19429.906169522 12.315141954541
23000 152 12955.333637272 19583.727931609 1.9351909732542e-05
23000 153 14002.137838018 20650.562879395 10.392841929172
23000 154 13207.152003901 20541.177299313 9.9133490955182
23000 155 13710.20351902 20300.866221047 0.042578035254378
23000 156 13609.951412673 20632.525786427 10.320283285052
23000 157 13713.203621396 19733.846563728 13.814640851824
23000 158 13717.443371267 21066.200951805 11.903016452183
23000 159 12719.284095114 21180.206645184 2.8743671825806e-15
23000 160 13568.652135623 19204.96097537 13.036870775876
23000 161 13364.647282186 19210.408940538 6.9997061513767
23000 162 13224.581162921 19392.466342697 0
23000 163 12950.646906272 21373.351835082 0.014314751233384
23000 164 13341.510259166 20054.044704783 3.3530056829972
23000 165 13827.283629192 21342.757707262 13.273436671697
23000 166 13726.357297694 20290.547409044 10.998540881253
23000 167 13290.30084299 19738.573833237 7.3386389937897
23000 168 13686.981615804 20433.38150756 7.9560864993209
23000 169 12753.675571913 20267.832310239 12.360188028785
23000 170 13301.961227775 19746.361985384 6.5380345076889
23000 171 12893.519794586 21280.37740167 1.4357133408401e-05
23000 172 12543.832958218 19888.131317205 1.4467151783681e-10
23000 173 13214.915322871 20583.434047288 9.0037627533482
23000 174 13227.32110192 19390.627057338 0.0066229958330054
23000 175 23000 175 23000
23000 176 13157.303565615 19312.699796832 13.523448471302
23000 177 13776.480533987 21020.348095026 0.00081169716877197
23000 178 13752.250969069 20983.095632712 11.911178638658
23000 179 13685.360334927 20445.437061784 11.93149223136
23000 180 13854.255066779 20971.287925487 13.337445513154
23000 181 13707.782729179 19671.937191461 13.5558397727
23000 182 12925.298713372 19538.261216674 0
23000 183 14391.451126056 20438.289893501 12.645155069574
23000 184 13696.405956528 19768.89471903 12.58477311311
23000 185 12721.463145476 20474.364065525 10.769321467821
23000 186 12441.001098824 19942.684759552 7.2194780303776
23000 187 13958.564317047 19555.352245129 14.589062324933
23000 188 13623.329319201 19542.530421134 12.143833189029
23000 189 12719.111559386 20489.909685138 8.4511163425574
23000 190 13794.834557486 19834.975052081 12.965665273526
23000 191 12768.50386498 20838.987123832 12.801722091297
23000 192 12949.101233259 21376.270810337 0.0058555671810031
23000 193 12973.34694236 19553.272535665 9.29563342068
23000 194 14099.688909849 19613.019595931 10.687947293418
23000 195 13701.299876644 19748.547905812 13.257324426288
23000 196 12989.503857951 19589.795315893 13.209011806827
23000 197 12714.704780487 20508.84474962 6.6577061482754
23000 198 13457.483740713 20811.289387363 6.8659029198289
23000 199 14379.654890871 19953.675732386 0.67519561663194
23000 200 14404.799852811 19788.166766626 9.7593269322859
23000 201 13162.198216911 19447.242121084 6.6748225682884
23000 202 12877.784463957 21137.748985889 8.0213741733707
23000 203 12961.740250358 21249.038423468 12.199842930841
23000 204 13152.459658876 19453.423778965 4.8587196259352
23000 205 12984.499046946 19527.864019979 11.018371776171
23000 206 13727.807135004 20857.299317251 8.1278590549712
23000 207 13376.8804634 19768.440634736 12.736776616247
23000 208 13683.98817275 20465.407989323 12.050307298722
23000 209 14215.628047808 19799.69535812 11.871224961947
23000 210 13917.330311147 20921.177312095 8.2893823396437
23000 211 13563.673169264 19510.242885751 11.412097284361
23000 212 14059.945839804 21402.323780562 7.0498605282941
23000 213 13729.715781396 21055.534113887 8.9271429493913
23000 214 12954.686404222 21375.466704582 0.0016146758537185
23000 215 12734.476455707 20702.79360135 2.8180022457236
23000 216 12808.538286395 21097.951728228 5.1967082461133e-05
23000 217 14173.44589139 20768.085216249 11.808311581038
23000 218 13227.262982975 19390.54252069 0.042612824454446
23000 219 14377.262150467 19925.019564075 3.1232977507741
23000 220 12728.774608867 20701.472372568 3.7550100349229
23000 221 12950.399784697 19554.437643658 6.727672915737
23000 222 12782.208736895 20087.857415004 12.486955149332
23000 223 13654.101467023 21131.376015164 12.052411499317
23000 224 12488.660296136 19229.44264861 5.2376668386744
23000 225 13849.158073678 20943.455930727 11.231348000593
23000 226 13741.884130316 21046.229757813 7.8863890424027
23000 227 12785.170633367 20047.309072261 7.1699994774102
23000 228 12998.151339607 21250.638600851 13.258183280017
23000 229 12942.209487357 19549.172803265 4.8951877911983
23000 230 14397.625008347 20471.413715884 12.104320130072
23000 231 13773.799302028 21022.769852767 5.967512192838e-06
23000 232 13755.085436443 20993.319819741 3.8566140395356
23000 233 13062.153490813 19638.983465082 0.001756754148681
23000 234 12891.500773072 21277.77089236 0.07846648270814
23000 235 14379.499773762 20056.665989554 15.045546778704
23000 236 12935.060862118 19544.560191012 2.1350550293968
23000 237 13735.054542471 19610.943259323 10.430843817035
23000 238 13691.291289893 20426.580324469 0.02370638704865
23000 239 14125.484812534 19544.153386106 6.4980268194005
23000 240 13967.177230494 20908.073936292 13.04041390879
23000 241 14189.886794719 19922.731739554 1.3663483815988
23000 242 12952.609272856 19382.924286073 15.349290136473
23000 243 13019.840562944 21254.784173792 14.204134206891
23000 244 14417.129775096 20712.937901798 0.055909541643046
23000 245 13814.203803605 20885.453360022 13.162598259278
23000 246 12570.066265657 19888.836425207 7.422040262994
23000 247 13919.71802948 20848.350231101 6.6392310249498
23000 248 14170.306538928 19923.404574881 4.4297805720696
23000 249 14413.828018807 20712.817874531 0.00016765329175055
23000 250 12929.891406173 19541.224627174 0.42255752783178
23000 251 13035.562396283 19500.790596274 13.083980151078
23000 252 14220.918849357 19784.827952177 8.1728324645539
23000 253 14147.100070579 19570.998827184 8.4587884397971
23000 254 13181.536220052 21205.462692031 13.213512593165
23000 255 13221.088926472 19381.311977276 0.78997738822504
23000 256 13004.988278909 19386.351515923 14.048918397833
23000 257 14036.204343778 20865.769366108 10.436808731466
23000 258 12705.717494983 21177.358948477 1.7347761736094e-08
23000 259 13702.449234651 19855.368345638 0.0039748965987587
23000 260 13781.423890801 21054.316930607 12.725721329107
23000 261 12725.627227246 21199.689313 11.321870835265
23000 262 14414.057799384 20722.052389888 4.0448798400341
23000 263 14035.385638701 20869.340383398 12.732981992917
23000 264 13748.729512343 20982.743966595 11.299385482969
23000 265 14410.529471751 20712.838538376 0.069705498110327
23000 266 12754.229004507 20247.314018428 13.19989121135
23000 267 13184.597186261 21207.969897773 14.899829292665
23000 268 12738.2958311 20704.582685764 0.12337639730342
23000 269 12976.303584722 19528.319146642 11.942046024777
23000 270 12539.874514355 19884.683842536 0.014771431999981
23000 271 14093.755208006 20856.047860552 12.611896731391
23000 272 14357.631555668 20832.412194889 10.727592765678
23000 273 13695.713223127 19715.511937043 12.681578750343
23000 274 13468.465785295 20898.068221534 7.1827794687812
23000 275 13958.711820281 20909.737338534 15.874034856155
23000 276 12809.424537613 21088.793388833 0.00024215557171637
23000 277 13691.773536022 20447.12112767 13.306916394774
23000 278 14378.997095036 20832.555043481 7.2255770083852
23000 279 14413.109116812 20688.759336828 9.2850801822402
23000 280 14412.34792029 20671.381220213 12.209790912876
23000 281 12719.823021709 20542.974484115 13.870221290575
23000 282 14360.729064786 19914.385689986 0.011810193811644
23000 283 13389.127956221 20867.426643142 7.8917417072667
23000 284 13091.00977248 19493.771436766 12.402781085478
23000 285 14418.113241865 20757.045296579 12.067179902711
23000 286 13502.105667139 21127.208239656 6.8139561572874
23000 287 14347.588664713 20578.502993593 14.866612105583
23000 288 12719.409234594 21187.826284218 9.7693540714562
23000 289 12736.95153798 20698.910396213 3.9375618644807e-06
23000 290 13757.657767266 21002.598455886 2.9892294283025
23000 291 12759.797393347 20689.458990775 10.627875181101
23000 292 14241.053924125 20643.340391963 0.089997282726563
23000 293 12587.19977573 19885.266628911 11.895230130386
23000 294 13727.35848135 19570.701856346 10.819682163613
23000 295 12824.322661662 19798.209812271 3.5478440225322e-15
23000 296 13393.386624629 20914.745759478 7.2810941867816
23000 297 12744.772803523 20691.135624309 7.5031951894436
23000 298 13760.945098159 21002.105608385 11.63093251336
23000 299 12912.771379105 19649.168663795 10.835868874658
23000 300 13920.87629971 20835.255853367 5.7595821609635
23000 301 12716.133440049 20696.122616657 4.2966946379793
23000 302 13479.086571303 21120.306413687 7.2143020782747
23000 303 13355.11456177 21181.717717332 12.380125159312
23000 304 13562.767011639 21140.071902674 12.483870098729
23000 305 13754.234091244 21002.599493847 11.349439064353
23000 306 13191.343815429 19337.161547716 11.031040421913
23000 307 12707.4805165 20699.498883719 3.8874938657302
23000 308 12699.831086802 20702.580489845 2.3635167512724
23000 309 14018.933531489 19485.965923752 0.0004456491726252
23000 310 12705.963901427 21186.880615666 6.2542684967697
23000 311 13741.143796477 19409.386248698 6.9901658448467
23000 312 12702.047266285 21190.430782022 3.8169990664836
23000 313 14011.260698043 19473.852110793 7.9166749120937
23000 314 14018.638097857 19460.844269702 7.7854495058775
23000 315 14414.705019433 20752.016751913 10.713537298509
23000 316 12585.573113187 20555.625897327 8.2516399874169
23000 317 13096.378450719 19358.395565642 11.361626820912
23000 318 12984.910311445 21350.359222839 10.582296932267
23000 319 13595.223434577 21159.234519613 13.239002257468
23000 320 14020.759207021 19470.572965381 6.3801364272968
23000 321 12834.524533781 19477.468898522 3.2855249637508e-15
23000 322 12694.482270302 20704.735283907 0.27104490813979
23000 323 14022.023219046 19481.123285955 0.0029107387797379
23000 324 13972.722988407 21295.048107226 11.391914920328
23000 325 12873.044762604 20091.394795416 7.6437352179012
23000 326 12689.420080657 20706.77460909 0
23000 327 12916.11332777 19532.334395675 5.1535927802607e-11
23000 328 14020.028922893 19478.106438729 6.2123623534575
23000 329 13185.041599242 19421.315422456 10.955670200359
23000 330 14045.351433715 19390.675121249 2.0337500757204e-06
23000 331 12731.086282021 20726.143443794 12.28621996555
23000 332 12920.706020571 19535.297806175 6.4591398393881e-12
23000 333 12963.979936156 19558.294595824 0.0010374012553296
23000 334 14013.766581309 19481.83122778 0.54877533572568
23000 335 12758.635955195 20210.814824006 12.220670504375
23000 336 12416.953716536 20367.72441439 6.955926132129
23000 337 12554.758904946 19285.301639201 4.7624264139915
23000 338 14026.19782334 19474.425962153 1.9652476350423
23000 339 13675.583145148 21215.044509753 13.903031871097
23000 340 12526.094066056 19267.883664395 3.4206890058435
23000 341 14031.517960678 20874.175452394 11.339570772321
23000 342 12905.457956872 20551.566360209 10.172774735163
23000 343 12494.675743802 21363.894315629 4.8009038454617
23000 344 13393.670061223 19268.6449264 3.2664350786942e-15
23000 345 14032.191292153 19462.853610339 7.0741120120055
23000 346 12549.745630006 19282.275682059 3.7590620334493
23000 347 13805.129913958 21124.024018847 14.272735738258
23000 348 14367.171271102 19916.086705176 5.9790757674306e-06
23000 349 13391.851997294 19264.260657192 4.2810026843616e-15
23000 350 12511.265562443 21369.218892353 3.8019074002751
23000 351 13975.920952987 19290.505157119 6.3066368413447
23000 352 12702.00870234 21339.08271356 7.7966433018023
23000 353 12559.767506651 19288.324775629 11.5810665086
23000 354 12516.999760575 21374.238754913 1.2368290034409
23000 355 12516.884773966 19261.914481622 4.4389306308337
23000 356 12406.902124716 20891.718868473 9.1257632756879
23000 357 13142.856259309 20574.458434185 13.951007844352
23000 358 13389.528905566 19260.125515461 3.3093167006022e-15
23000 359 13964.619671987 19283.44930867 5.9628397690941
23000 360 12551.339310231 19279.385295062 8.6559041491825
23000 361 14352.104512275 19911.695237325 0.035043952163071
23000 362 13758.360852004 21270.270012105 13.998981374373
23000 363 14407.059708187 20856.241843421 9.6630137220111
23000 364 13783.333441622 19591.182248289 12.841743693247
23000 365 13813.71820049 21139.402002602 14.512333267495
23000 366 14353.759373746 19909.174153714 0.2137838502916
23000 367 12509.632537513 19257.213802735 1.7969774767837
23000 368 14363.957865958 19915.175723648 0.15456289546129
23000 369 12973.110705249 21361.219994762 5.5153459008845
23000 370 13904.960100314 21332.346954449 10.615380256653
23000 371 14391.49922338 20709.68511992 6.4445108857377
23000 372 13561.567334679 19175.098183398 9.6376946925412
23000 373 12708.134143265 21175.116112911 1.75405894138e-07
23000 374 13864.281251065 21293.801431202 12.272537444421
23000 375 12527.180966144 19264.65021556 4.4311253561224
23000 376 13387.156411756 19256.014743507 5.2372632795241e-12
23000 377 14409.711252392 20686.665092106 9.5618735918869
23000 378 12994.682811828 20570.671452196 11.944422252256
23000 379 14390.638692621 20706.504902012 6.074469600609
23000 380 12869.5482469 21252.675113302 12.225329570957
23000 381 13527.84394041 21159.262046961 0.053338956084339
23000 382 12511.329245366 19254.375155947 1.5279239251382
23000 383 13351.846354884 21057.972456208 4.9380852904258
23000 384 12396.991914143 20858.574745762 8.0066286611399
23000 385 12868.004414273 21260.577524859 10.9676840842
23000 386 13345.378074092 21070.241834983 8.3722478934347
23000 387 12518.358772801 19258.93168419 4.6258414584269
23000 388 13954.42245085 21328.273957321 12.036125927
23000 389 13640.175955826 19545.763572839 8.667273228236
23000 390 12692.41164332 21198.799526565 1.2389969831199
23000 391 14047.747827196 19418.621075123 12.851237929756
23000 392 14281.881683332 20694.550994457 13.133336103447
23000 393 14045.200309913 19434.864474604 8.0024941720734
23000 394 13625.519456792 19172.577251377 11.420003526262
23000 395 14379.596837936 20707.783800571 8.6312397927347
23000 396 13692.39438036 20713.831849436 11.582867155313
23000 397 13780.525660574 21016.860035068 2.4070052024605
23000 398 12504.271486907 19253.738932939 0.26158620971205
23000 399 13898.135338379 21336.885067573 13.432246000843
23000 400 13384.78391794 19251.903971541 1.986218478892e-08
23000 401 12749.779919748 20884.533033134 7.2557424430359
23000 402 14077.4955942 21290.557957125 9.8152593613563
23000 403 14337.903711311 20678.644327534 7.5018630614533
23000 404 14157.19543198 19403.692244903 7.0970149056324
23000 405 12687.022104813 21203.386193537 1.2054123227485
23000 406 14414.503341939 20903.631680338 14.402596275898
23000 407 12983.505540909 21346.645172148 11.656990182025
23000 408 12962.442688644 19574.695396447 2.7282738989773e-15
23000 409 14038.966609494 19448.691527839 11.042380902321
23000 410 12782.879420683 20976.320483664 11.707513639755
23000 411 12736.501814874 20319.877153061 0.40880682986912
23000 412 14053.071765887 19412.502496532 11.25563225062
23000 413 12596.73886252 20531.259710753 7.7586685537434
23000 414 12682.529066845 21207.209910323 1.0389369597933e-06
23000 415 12717.952544038 20510.183162252 5.4222667237644
23000 416 14335.991766699 20587.485558965 12.781381869835
23000 417 14416.850025253 19672.142923736 11.344782464757
23000 418 14152.540248673 21262.800867623 10.299847624108
23000 419 13634.728465575 19246.680353056 6.2739037755194
23000 420 14334.929492593 20568.053064228 12.518112666251
23000 421 12688.494557161 20610.111465804 9.4281522335924
23000 422 14404.707530393 19724.998841318 13.665641537516
23000 423 14021.867638736 19186.489399183 10.52138556171
23000 424 14018.157507222 21400.668165824 11.026844860214
23000 425 12506.011861526 19250.928436394 0.25553122932988
23000 426 13782.139599763 21102.538124505 8.7557599134391
23000 427 14168.795499791 21263.83234564 10.345980018261
23000 428 12541.662958193 19890.621317183 2.849661127681e-08
23000 429 14337.174437554 20548.735463903 12.411784451498
23000 430 14404.629717772 19710.526606344 14.671705549433
23000 431 14112.180140024 19124.078588831 11.193088803069
23000 432 12501.120530981 19247.571219566 4.59004693753e-11
23000 433 14331.453648831 20530.660431559 13.162327326496
23000 434 12521.785191069 21378.428042206 0.19271106881473
23000 435 12880.887715516 21272.190898819 9.182733034062
23000 436 14062.445329954 19341.753762085 10.962257484864
23000 437 14412.107140863 19678.050842933 13.966476076522
23000 438 12499.380175626 19250.381785377 2.2531224397712e-12
23000 439 12496.189158487 19244.274146142 2.1811261125766e-10
23000 440 14267.337668984 21249.834870237 11.606874116821
23000 441 14449.178520635 19534.656452271 0.0069878886352269
23000 442 14452.406455477 19535.307722617 0.00022788411870643
23000 443 12606.41363104 19712.788187885 15.035040670394
23000 444 14061.708178005 19359.132485238 14.432488423179
23000 445 12958.888172029 19579.211652502 1.2099896241718e-08
23000 446 12499.194644138 21364.549099845 6.4064825332008e-07
23000 447 14268.688794052 20533.128831647 12.215299664137
23000 448 14067.802590026 21312.835134863 12.252403370892
23000 449 12956.030904116 21361.73328558 9.8547139513032
23000 450 14164.568364595 21413.648882145 13.617379516499
23000 451 12952.434136133 21384.358150079 5.6996442660474
23000 452 14455.297089994 19510.512649959 8.7807754233835
23000 453 14450.351525707 19528.785220534 0.083036151715048
23000 454 14173.245664239 21397.824734548 14.984620824936
23000 455 14331.355192532 21239.13926616 11.125306183567
23000 456 12911.020910936 21159.629580222 7.3156392130599
23000 457 12494.451153408 19247.081217674 1.4313982719467e-05
23000 458 13317.426137849 21185.998388521 11.122730073747
23000 459 12530.644674511 19881.025310468 7.7899008594438
23000 460 14292.55479855 21248.966202092 14.121632181255
23000 461 14171.486224103 19168.791009944 7.5800797979939
23000 462 12940.775769684 21399.583932171 0.00013409099029604
23000 463 14233.419662042 21431.725773549 14.397523221972
23000 464 12489.454724968 19243.860328784 0.01280441343946
23000 465 13578.823026723 19169.392507891 11.304233051378
23000 466 14337.306384887 21241.491927142 13.387320080989
23000 467 14369.436225028 21236.125698166 10.554603484111
23000 468 12518.181245412 20774.784168192 11.982003740459
23000 469 12936.387699496 21403.749881681 0.0016226708436242
23000 470 14095.608898419 19187.638499168 0.010045073029896
23000 471 13775.151614156 20800.598613527 11.868535684355
23000 472 12946.084603144 21370.963252179 0.56238456510461
23000 473 12745.501518748 19690.372405223 10.260720256284
23000 474 12800.83667316 20517.495749446 11.266063648215
23000 475 14374.911760917 21231.86213664 12.509726063833
23000 476 14352.098615977 21235.67359876 12.383718891485
23000 477 12932.030160069 21407.965033778 0.013350660369361
23000 478 13863.347832058 21308.334095507 13.068315747224
23000 479 14274.145032924 21425.872693125 11.78741294121
23000 480 14119.073985788 19089.293817175 0
23000 481 12927.554243537 21412.212281868 0.076076599625961
23000 482 13987.465563533 20682.445828626 9.0530235375
23000 483 12923.599489446 20452.488392913 13.566967556382
23000 484 14115.964696361 19088.062392742 0.0036561032048954
23000 485 14340.021765282 21424.001123348 7.0835331053014
23000 486 13565.830942714 19118.2253693 13.546317269349
23000 487 12922.531347434 21416.949974939 0.55021157952244
23000 488 14346.810353306 21423.893854462 5.5120140081933
23000 489 12457.427884821 19816.252610906 12.272011006454
23000 490 14365.105584822 21376.761471531 10.629955274086
23000 491 14426.370792095 21223.264718415 12.333354695049
23000 492 14117.074588529 19083.111999404 0.019031629640468
23000 493 12916.242243414 21422.881979889 2.4485608062261
23000 494 12456.585197744 19811.463518793 13.365122385409
23000 495 14120.162549962 19084.339169491 0.0019640552342726
23000 496 14467.210630745 21216.367209566 10.66916153389
23000 497 12427.36258439 19203.833359892 10.948825805027
23000 498 12441.296408059 19803.520878651 12.191755940078
23000 499 13867.874024674 19346.981642475 8.7282878710506
23000 500 12407.735048551 19773.947830073 12.767109949119
23000 501 12400.558684445 19989.035813567 14.932634721177
23000 502 12379.184582449 20851.770031895 3.3729391100118
23000 503 12392.949290491 19761.142797437 12.069504229943
23000 504 12379.612396047 20878.243330081 5.9209517337986
23000 505 12762.561615664 20884.418666554 1.9332173952367
